Step 1 : 28 49 14 54 96 48 19 50 16 60 12 53 14 95 33 70 48 66 21 44 61 88 38 80 48 80 52 48 59 91 28 17 80 82 85 25 27 98 91 26 39 76 96 42 67 83 50 46 31 46 88 63 49 96 67 76 70 39 48 24 98 13 73 44 25 44 48 24 24 72 40 45 10 44 39 98 70 85 78 13 74 95 15 75 90 48 93 67 22 71 12 41 63 94 42 36 62 18 10 49 
Step 2 : 28 14 49 54 96 48 19 50 16 60 12 53 14 95 33 70 48 66 21 44 61 88 38 80 48 80 52 48 59 91 28 17 80 82 85 25 27 98 91 26 39 76 96 42 67 83 50 46 31 46 88 63 49 96 67 76 70 39 48 24 98 13 73 44 25 44 48 24 24 72 40 45 10 44 39 98 70 85 78 13 74 95 15 75 90 48 93 67 22 71 12 41 63 94 42 36 62 18 10 49 
Step 3 : 28 14 48 54 96 49 19 50 16 60 12 53 14 95 33 70 48 66 21 44 61 88 38 80 48 80 52 48 59 91 28 17 80 82 85 25 27 98 91 26 39 76 96 42 67 83 50 46 31 46 88 63 49 96 67 76 70 39 48 24 98 13 73 44 25 44 48 24 24 72 40 45 10 44 39 98 70 85 78 13 74 95 15 75 90 48 93 67 22 71 12 41 63 94 42 36 62 18 10 49 
Step 4 : 28 14 48 19 96 49 54 50 16 60 12 53 14 95 33 70 48 66 21 44 61 88 38 80 48 80 52 48 59 91 28 17 80 82 85 25 27 98 91 26 39 76 96 42 67 83 50 46 31 46 88 63 49 96 67 76 70 39 48 24 98 13 73 44 25 44 48 24 24 72 40 45 10 44 39 98 70 85 78 13 74 95 15 75 90 48 93 67 22 71 12 41 63 94 42 36 62 18 10 49 
Step 5 : 28 14 48 19 16 49 54 50 96 60 12 53 14 95 33 70 48 66 21 44 61 88 38 80 48 80 52 48 59 91 28 17 80 82 85 25 27 98 91 26 39 76 96 42 67 83 50 46 31 46 88 63 49 96 67 76 70 39 48 24 98 13 73 44 25 44 48 24 24 72 40 45 10 44 39 98 70 85 78 13 74 95 15 75 90 48 93 67 22 71 12 41 63 94 42 36 62 18 10 49 
Step 6 : 28 14 48 19 16 12 54 50 96 60 49 53 14 95 33 70 48 66 21 44 61 88 38 80 48 80 52 48 59 91 28 17 80 82 85 25 27 98 91 26 39 76 96 42 67 83 50 46 31 46 88 63 49 96 67 76 70 39 48 24 98 13 73 44 25 44 48 24 24 72 40 45 10 44 39 98 70 85 78 13 74 95 15 75 90 48 93 67 22 71 12 41 63 94 42 36 62 18 10 49 
Step 7 : 28 14 48 19 16 12 14 50 96 60 49 53 54 95 33 70 48 66 21 44 61 88 38 80 48 80 52 48 59 91 28 17 80 82 85 25 27 98 91 26 39 76 96 42 67 83 50 46 31 46 88 63 49 96 67 76 70 39 48 24 98 13 73 44 25 44 48 24 24 72 40 45 10 44 39 98 70 85 78 13 74 95 15 75 90 48 93 67 22 71 12 41 63 94 42 36 62 18 10 49 
Step 8 : 28 14 48 19 16 12 14 33 96 60 49 53 54 95 50 70 48 66 21 44 61 88 38 80 48 80 52 48 59 91 28 17 80 82 85 25 27 98 91 26 39 76 96 42 67 83 50 46 31 46 88 63 49 96 67 76 70 39 48 24 98 13 73 44 25 44 48 24 24 72 40 45 10 44 39 98 70 85 78 13 74 95 15 75 90 48 93 67 22 71 12 41 63 94 42 36 62 18 10 49 
Step 9 : 28 14 48 19 16 12 14 33 48 60 49 53 54 95 50 70 96 66 21 44 61 88 38 80 48 80 52 48 59 91 28 17 80 82 85 25 27 98 91 26 39 76 96 42 67 83 50 46 31 46 88 63 49 96 67 76 70 39 48 24 98 13 73 44 25 44 48 24 24 72 40 45 10 44 39 98 70 85 78 13 74 95 15 75 90 48 93 67 22 71 12 41 63 94 42 36 62 18 10 49 
Step 10 : 28 14 48 19 16 12 14 33 48 21 49 53 54 95 50 70 96 66 60 44 61 88 38 80 48 80 52 48 59 91 28 17 80 82 85 25 27 98 91 26 39 76 96 42 67 83 50 46 31 46 88 63 49 96 67 76 70 39 48 24 98 13 73 44 25 44 48 24 24 72 40 45 10 44 39 98 70 85 78 13 74 95 15 75 90 48 93 67 22 71 12 41 63 94 42 36 62 18 10 49 
Step 11 : 28 14 48 19 16 12 14 33 48 21 44 53 54 95 50 70 96 66 60 49 61 88 38 80 48 80 52 48 59 91 28 17 80 82 85 25 27 98 91 26 39 76 96 42 67 83 50 46 31 46 88 63 49 96 67 76 70 39 48 24 98 13 73 44 25 44 48 24 24 72 40 45 10 44 39 98 70 85 78 13 74 95 15 75 90 48 93 67 22 71 12 41 63 94 42 36 62 18 10 49 
Step 12 : 28 14 48 19 16 12 14 33 48 21 44 38 54 95 50 70 96 66 60 49 61 88 53 80 48 80 52 48 59 91 28 17 80 82 85 25 27 98 91 26 39 76 96 42 67 83 50 46 31 46 88 63 49 96 67 76 70 39 48 24 98 13 73 44 25 44 48 24 24 72 40 45 10 44 39 98 70 85 78 13 74 95 15 75 90 48 93 67 22 71 12 41 63 94 42 36 62 18 10 49 
Step 13 : 28 14 48 19 16 12 14 33 48 21 44 38 48 95 50 70 96 66 60 49 61 88 53 80 54 80 52 48 59 91 28 17 80 82 85 25 27 98 91 26 39 76 96 42 67 83 50 46 31 46 88 63 49 96 67 76 70 39 48 24 98 13 73 44 25 44 48 24 24 72 40 45 10 44 39 98 70 85 78 13 74 95 15 75 90 48 93 67 22 71 12 41 63 94 42 36 62 18 10 49 
Step 14 : 28 14 48 19 16 12 14 33 48 21 44 38 48 48 50 70 96 66 60 49 61 88 53 80 54 80 52 95 59 91 28 17 80 82 85 25 27 98 91 26 39 76 96 42 67 83 50 46 31 46 88 63 49 96 67 76 70 39 48 24 98 13 73 44 25 44 48 24 24 72 40 45 10 44 39 98 70 85 78 13 74 95 15 75 90 48 93 67 22 71 12 41 63 94 42 36 62 18 10 49 
Step 15 : 28 14 48 19 16 12 14 33 48 21 44 38 48 48 28 70 96 66 60 49 61 88 53 80 54 80 52 95 59 91 50 17 80 82 85 25 27 98 91 26 39 76 96 42 67 83 50 46 31 46 88 63 49 96 67 76 70 39 48 24 98 13 73 44 25 44 48 24 24 72 40 45 10 44 39 98 70 85 78 13 74 95 15 75 90 48 93 67 22 71 12 41 63 94 42 36 62 18 10 49 
Step 16 : 28 14 48 19 16 12 14 33 48 21 44 38 48 48 28 17 96 66 60 49 61 88 53 80 54 80 52 95 59 91 50 70 80 82 85 25 27 98 91 26 39 76 96 42 67 83 50 46 31 46 88 63 49 96 67 76 70 39 48 24 98 13 73 44 25 44 48 24 24 72 40 45 10 44 39 98 70 85 78 13 74 95 15 75 90 48 93 67 22 71 12 41 63 94 42 36 62 18 10 49 
Step 17 : 28 14 48 19 16 12 14 33 48 21 44 38 48 48 28 17 25 66 60 49 61 88 53 80 54 80 52 95 59 91 50 70 80 82 85 96 27 98 91 26 39 76 96 42 67 83 50 46 31 46 88 63 49 96 67 76 70 39 48 24 98 13 73 44 25 44 48 24 24 72 40 45 10 44 39 98 70 85 78 13 74 95 15 75 90 48 93 67 22 71 12 41 63 94 42 36 62 18 10 49 
Step 18 : 28 14 48 19 16 12 14 33 48 21 44 38 48 48 28 17 25 27 60 49 61 88 53 80 54 80 52 95 59 91 50 70 80 82 85 96 66 98 91 26 39 76 96 42 67 83 50 46 31 46 88 63 49 96 67 76 70 39 48 24 98 13 73 44 25 44 48 24 24 72 40 45 10 44 39 98 70 85 78 13 74 95 15 75 90 48 93 67 22 71 12 41 63 94 42 36 62 18 10 49 
Step 19 : 28 14 48 19 16 12 14 33 48 21 44 38 48 48 28 17 25 27 26 49 61 88 53 80 54 80 52 95 59 91 50 70 80 82 85 96 66 98 91 60 39 76 96 42 67 83 50 46 31 46 88 63 49 96 67 76 70 39 48 24 98 13 73 44 25 44 48 24 24 72 40 45 10 44 39 98 70 85 78 13 74 95 15 75 90 48 93 67 22 71 12 41 63 94 42 36 62 18 10 49 
Step 20 : 28 14 48 19 16 12 14 33 48 21 44 38 48 48 28 17 25 27 26 39 61 88 53 80 54 80 52 95 59 91 50 70 80 82 85 96 66 98 91 60 49 76 96 42 67 83 50 46 31 46 88 63 49 96 67 76 70 39 48 24 98 13 73 44 25 44 48 24 24 72 40 45 10 44 39 98 70 85 78 13 74 95 15 75 90 48 93 67 22 71 12 41 63 94 42 36 62 18 10 49 
Step 21 : 28 14 48 19 16 12 14 33 48 21 44 38 48 48 28 17 25 27 26 39 42 88 53 80 54 80 52 95 59 91 50 70 80 82 85 96 66 98 91 60 49 76 96 61 67 83 50 46 31 46 88 63 49 96 67 76 70 39 48 24 98 13 73 44 25 44 48 24 24 72 40 45 10 44 39 98 70 85 78 13 74 95 15 75 90 48 93 67 22 71 12 41 63 94 42 36 62 18 10 49 
Step 22 : 28 14 48 19 16 12 14 33 48 21 44 38 48 48 28 17 25 27 26 39 42 46 53 80 54 80 52 95 59 91 50 70 80 82 85 96 66 98 91 60 49 76 96 61 67 83 50 88 31 46 88 63 49 96 67 76 70 39 48 24 98 13 73 44 25 44 48 24 24 72 40 45 10 44 39 98 70 85 78 13 74 95 15 75 90 48 93 67 22 71 12 41 63 94 42 36 62 18 10 49 
Step 23 : 28 14 48 19 16 12 14 33 48 21 44 38 48 48 28 17 25 27 26 39 42 46 31 80 54 80 52 95 59 91 50 70 80 82 85 96 66 98 91 60 49 76 96 61 67 83 50 88 53 46 88 63 49 96 67 76 70 39 48 24 98 13 73 44 25 44 48 24 24 72 40 45 10 44 39 98 70 85 78 13 74 95 15 75 90 48 93 67 22 71 12 41 63 94 42 36 62 18 10 49 
Step 24 : 28 14 48 19 16 12 14 33 48 21 44 38 48 48 28 17 25 27 26 39 42 46 31 46 54 80 52 95 59 91 50 70 80 82 85 96 66 98 91 60 49 76 96 61 67 83 50 88 53 80 88 63 49 96 67 76 70 39 48 24 98 13 73 44 25 44 48 24 24 72 40 45 10 44 39 98 70 85 78 13 74 95 15 75 90 48 93 67 22 71 12 41 63 94 42 36 62 18 10 49 
Step 25 : 28 14 48 19 16 12 14 33 48 21 44 38 48 48 28 17 25 27 26 39 42 46 31 46 39 80 52 95 59 91 50 70 80 82 85 96 66 98 91 60 49 76 96 61 67 83 50 88 53 80 88 63 49 96 67 76 70 54 48 24 98 13 73 44 25 44 48 24 24 72 40 45 10 44 39 98 70 85 78 13 74 95 15 75 90 48 93 67 22 71 12 41 63 94 42 36 62 18 10 49 
Step 26 : 28 14 48 19 16 12 14 33 48 21 44 38 48 48 28 17 25 27 26 39 42 46 31 46 39 48 52 95 59 91 50 70 80 82 85 96 66 98 91 60 49 76 96 61 67 83 50 88 53 80 88 63 49 96 67 76 70 54 80 24 98 13 73 44 25 44 48 24 24 72 40 45 10 44 39 98 70 85 78 13 74 95 15 75 90 48 93 67 22 71 12 41 63 94 42 36 62 18 10 49 
Step 27 : 28 14 48 19 16 12 14 33 48 21 44 38 48 48 28 17 25 27 26 39 42 46 31 46 39 48 24 95 59 91 50 70 80 82 85 96 66 98 91 60 49 76 96 61 67 83 50 88 53 80 88 63 49 96 67 76 70 54 80 52 98 13 73 44 25 44 48 24 24 72 40 45 10 44 39 98 70 85 78 13 74 95 15 75 90 48 93 67 22 71 12 41 63 94 42 36 62 18 10 49 
Step 28 : 28 14 48 19 16 12 14 33 48 21 44 38 48 48 28 17 25 27 26 39 42 46 31 46 39 48 24 13 59 91 50 70 80 82 85 96 66 98 91 60 49 76 96 61 67 83 50 88 53 80 88 63 49 96 67 76 70 54 80 52 98 95 73 44 25 44 48 24 24 72 40 45 10 44 39 98 70 85 78 13 74 95 15 75 90 48 93 67 22 71 12 41 63 94 42 36 62 18 10 49 
Step 29 : 28 14 48 19 16 12 14 33 48 21 44 38 48 48 28 17 25 27 26 39 42 46 31 46 39 48 24 13 44 91 50 70 80 82 85 96 66 98 91 60 49 76 96 61 67 83 50 88 53 80 88 63 49 96 67 76 70 54 80 52 98 95 73 59 25 44 48 24 24 72 40 45 10 44 39 98 70 85 78 13 74 95 15 75 90 48 93 67 22 71 12 41 63 94 42 36 62 18 10 49 
Step 30 : 28 14 48 19 16 12 14 33 48 21 44 38 48 48 28 17 25 27 26 39 42 46 31 46 39 48 24 13 44 25 50 70 80 82 85 96 66 98 91 60 49 76 96 61 67 83 50 88 53 80 88 63 49 96 67 76 70 54 80 52 98 95 73 59 91 44 48 24 24 72 40 45 10 44 39 98 70 85 78 13 74 95 15 75 90 48 93 67 22 71 12 41 63 94 42 36 62 18 10 49 
Step 31 : 28 14 48 19 16 12 14 33 48 21 44 38 48 48 28 17 25 27 26 39 42 46 31 46 39 48 24 13 44 25 44 70 80 82 85 96 66 98 91 60 49 76 96 61 67 83 50 88 53 80 88 63 49 96 67 76 70 54 80 52 98 95 73 59 91 50 48 24 24 72 40 45 10 44 39 98 70 85 78 13 74 95 15 75 90 48 93 67 22 71 12 41 63 94 42 36 62 18 10 49 
Step 32 : 28 14 48 19 16 12 14 33 48 21 44 38 48 48 28 17 25 27 26 39 42 46 31 46 39 48 24 13 44 25 44 48 80 82 85 96 66 98 91 60 49 76 96 61 67 83 50 88 53 80 88 63 49 96 67 76 70 54 80 52 98 95 73 59 91 50 70 24 24 72 40 45 10 44 39 98 70 85 78 13 74 95 15 75 90 48 93 67 22 71 12 41 63 94 42 36 62 18 10 49 
Step 33 : 28 14 48 19 16 12 14 33 48 21 44 38 48 48 28 17 25 27 26 39 42 46 31 46 39 48 24 13 44 25 44 48 24 82 85 96 66 98 91 60 49 76 96 61 67 83 50 88 53 80 88 63 49 96 67 76 70 54 80 52 98 95 73 59 91 50 70 80 24 72 40 45 10 44 39 98 70 85 78 13 74 95 15 75 90 48 93 67 22 71 12 41 63 94 42 36 62 18 10 49 
Step 34 : 28 14 48 19 16 12 14 33 48 21 44 38 48 48 28 17 25 27 26 39 42 46 31 46 39 48 24 13 44 25 44 48 24 24 85 96 66 98 91 60 49 76 96 61 67 83 50 88 53 80 88 63 49 96 67 76 70 54 80 52 98 95 73 59 91 50 70 80 82 72 40 45 10 44 39 98 70 85 78 13 74 95 15 75 90 48 93 67 22 71 12 41 63 94 42 36 62 18 10 49 
Step 35 : 28 14 48 19 16 12 14 33 48 21 44 38 48 48 28 17 25 27 26 39 42 46 31 46 39 48 24 13 44 25 44 48 24 24 40 96 66 98 91 60 49 76 96 61 67 83 50 88 53 80 88 63 49 96 67 76 70 54 80 52 98 95 73 59 91 50 70 80 82 72 85 45 10 44 39 98 70 85 78 13 74 95 15 75 90 48 93 67 22 71 12 41 63 94 42 36 62 18 10 49 
Step 36 : 28 14 48 19 16 12 14 33 48 21 44 38 48 48 28 17 25 27 26 39 42 46 31 46 39 48 24 13 44 25 44 48 24 24 40 45 66 98 91 60 49 76 96 61 67 83 50 88 53 80 88 63 49 96 67 76 70 54 80 52 98 95 73 59 91 50 70 80 82 72 85 96 10 44 39 98 70 85 78 13 74 95 15 75 90 48 93 67 22 71 12 41 63 94 42 36 62 18 10 49 
Step 37 : 28 14 48 19 16 12 14 33 48 21 44 38 48 48 28 17 25 27 26 39 42 46 31 46 39 48 24 13 44 25 44 48 24 24 40 45 10 98 91 60 49 76 96 61 67 83 50 88 53 80 88 63 49 96 67 76 70 54 80 52 98 95 73 59 91 50 70 80 82 72 85 96 66 44 39 98 70 85 78 13 74 95 15 75 90 48 93 67 22 71 12 41 63 94 42 36 62 18 10 49 
Step 38 : 28 14 48 19 16 12 14 33 48 21 44 38 48 48 28 17 25 27 26 39 42 46 31 46 39 48 24 13 44 25 44 48 24 24 40 45 10 44 91 60 49 76 96 61 67 83 50 88 53 80 88 63 49 96 67 76 70 54 80 52 98 95 73 59 91 50 70 80 82 72 85 96 66 98 39 98 70 85 78 13 74 95 15 75 90 48 93 67 22 71 12 41 63 94 42 36 62 18 10 49 
Step 39 : 28 14 48 19 16 12 14 33 48 21 44 38 48 48 28 17 25 27 26 39 42 46 31 46 39 48 24 13 44 25 44 48 24 24 40 45 10 44 39 60 49 76 96 61 67 83 50 88 53 80 88 63 49 96 67 76 70 54 80 52 98 95 73 59 91 50 70 80 82 72 85 96 66 98 91 98 70 85 78 13 74 95 15 75 90 48 93 67 22 71 12 41 63 94 42 36 62 18 10 49 
Step 40 : 28 14 48 19 16 12 14 33 48 21 44 38 48 48 28 17 25 27 26 39 42 46 31 46 39 48 24 13 44 25 44 48 24 24 40 45 10 44 39 13 49 76 96 61 67 83 50 88 53 80 88 63 49 96 67 76 70 54 80 52 98 95 73 59 91 50 70 80 82 72 85 96 66 98 91 98 70 85 78 60 74 95 15 75 90 48 93 67 22 71 12 41 63 94 42 36 62 18 10 49 
Step 41 : 28 14 48 19 16 12 14 33 48 21 44 38 48 48 28 17 25 27 26 39 42 46 31 46 39 48 24 13 44 25 44 48 24 24 40 45 10 44 39 13 15 76 96 61 67 83 50 88 53 80 88 63 49 96 67 76 70 54 80 52 98 95 73 59 91 50 70 80 82 72 85 96 66 98 91 98 70 85 78 60 74 95 49 75 90 48 93 67 22 71 12 41 63 94 42 36 62 18 10 49 
Step 42 : 28 14 48 19 16 12 14 33 48 21 44 38 48 48 28 17 25 27 26 39 42 46 31 46 39 48 24 13 44 25 44 48 24 24 40 45 10 44 39 13 15 48 96 61 67 83 50 88 53 80 88 63 49 96 67 76 70 54 80 52 98 95 73 59 91 50 70 80 82 72 85 96 66 98 91 98 70 85 78 60 74 95 49 75 90 76 93 67 22 71 12 41 63 94 42 36 62 18 10 49 
Step 43 : 28 14 48 19 16 12 14 33 48 21 44 38 48 48 28 17 25 27 26 39 42 46 31 46 39 48 24 13 44 25 44 48 24 24 40 45 10 44 39 13 15 48 22 61 67 83 50 88 53 80 88 63 49 96 67 76 70 54 80 52 98 95 73 59 91 50 70 80 82 72 85 96 66 98 91 98 70 85 78 60 74 95 49 75 90 76 93 67 96 71 12 41 63 94 42 36 62 18 10 49 
Step 44 : 28 14 48 19 16 12 14 33 48 21 44 38 48 48 28 17 25 27 26 39 42 46 31 46 39 48 24 13 44 25 44 48 24 24 40 45 10 44 39 13 15 48 22 12 67 83 50 88 53 80 88 63 49 96 67 76 70 54 80 52 98 95 73 59 91 50 70 80 82 72 85 96 66 98 91 98 70 85 78 60 74 95 49 75 90 76 93 67 96 71 61 41 63 94 42 36 62 18 10 49 
Step 45 : 28 14 48 19 16 12 14 33 48 21 44 38 48 48 28 17 25 27 26 39 42 46 31 46 39 48 24 13 44 25 44 48 24 24 40 45 10 44 39 13 15 48 22 12 41 83 50 88 53 80 88 63 49 96 67 76 70 54 80 52 98 95 73 59 91 50 70 80 82 72 85 96 66 98 91 98 70 85 78 60 74 95 49 75 90 76 93 67 96 71 61 67 63 94 42 36 62 18 10 49 
Step 46 : 28 14 48 19 16 12 14 33 48 21 44 38 48 48 28 17 25 27 26 39 42 46 31 46 39 48 24 13 44 25 44 48 24 24 40 45 10 44 39 13 15 48 22 12 41 42 50 88 53 80 88 63 49 96 67 76 70 54 80 52 98 95 73 59 91 50 70 80 82 72 85 96 66 98 91 98 70 85 78 60 74 95 49 75 90 76 93 67 96 71 61 67 63 94 83 36 62 18 10 49 
Step 47 : 28 14 48 19 16 12 14 33 48 21 44 38 48 48 28 17 25 27 26 39 42 46 31 46 39 48 24 13 44 25 44 48 24 24 40 45 10 44 39 13 15 48 22 12 41 42 36 88 53 80 88 63 49 96 67 76 70 54 80 52 98 95 73 59 91 50 70 80 82 72 85 96 66 98 91 98 70 85 78 60 74 95 49 75 90 76 93 67 96 71 61 67 63 94 83 50 62 18 10 49 
Step 48 : 28 14 48 19 16 12 14 33 48 21 44 38 48 48 28 17 25 27 26 39 42 46 31 46 39 48 24 13 44 25 44 48 24 24 40 45 10 44 39 13 15 48 22 12 41 42 36 18 53 80 88 63 49 96 67 76 70 54 80 52 98 95 73 59 91 50 70 80 82 72 85 96 66 98 91 98 70 85 78 60 74 95 49 75 90 76 93 67 96 71 61 67 63 94 83 50 62 88 10 49 
Step 49 : 28 14 48 19 16 12 14 33 48 21 44 38 48 48 28 17 25 27 26 39 42 46 31 46 39 48 24 13 44 25 44 48 24 24 40 45 10 44 39 13 15 48 22 12 41 42 36 18 10 80 88 63 49 96 67 76 70 54 80 52 98 95 73 59 91 50 70 80 82 72 85 96 66 98 91 98 70 85 78 60 74 95 49 75 90 76 93 67 96 71 61 67 63 94 83 50 62 88 53 49 
Step 50 : 28 14 48 19 16 12 14 33 48 21 44 38 48 48 28 17 25 27 26 39 42 46 31 46 39 48 24 13 44 25 44 48 24 24 40 45 10 44 39 13 15 48 22 12 41 42 36 18 10 49 88 63 49 96 67 76 70 54 80 52 98 95 73 59 91 50 70 80 82 72 85 96 66 98 91 98 70 85 78 60 74 95 49 75 90 76 93 67 96 71 61 67 63 94 83 50 62 88 53 80 
Step 51 : 10 14 48 19 16 12 14 33 48 21 44 38 48 48 28 17 25 27 26 39 42 46 31 46 39 48 24 13 44 25 44 48 24 24 40 45 10 44 39 13 15 48 22 12 41 42 36 18 28 49 88 63 49 96 67 76 70 54 80 52 98 95 73 59 91 50 70 80 82 72 85 96 66 98 91 98 70 85 78 60 74 95 49 75 90 76 93 67 96 71 61 67 63 94 83 50 62 88 53 80 
Step 52 : 10 14 48 19 16 12 14 33 48 21 44 38 48 48 28 17 25 27 26 39 42 46 31 46 39 48 24 13 44 25 44 48 24 24 40 45 10 44 39 13 15 48 22 12 41 42 36 18 28 49 88 63 49 96 67 76 70 54 80 52 98 95 73 59 91 50 70 80 82 72 85 96 66 98 91 98 70 85 78 60 74 95 49 75 90 76 93 67 96 71 61 67 63 94 83 50 62 88 53 80 
Step 53 : 10 14 19 48 16 12 14 33 48 21 44 38 48 48 28 17 25 27 26 39 42 46 31 46 39 48 24 13 44 25 44 48 24 24 40 45 10 44 39 13 15 48 22 12 41 42 36 18 28 49 88 63 49 96 67 76 70 54 80 52 98 95 73 59 91 50 70 80 82 72 85 96 66 98 91 98 70 85 78 60 74 95 49 75 90 76 93 67 96 71 61 67 63 94 83 50 62 88 53 80 
Step 54 : 10 14 19 16 48 12 14 33 48 21 44 38 48 48 28 17 25 27 26 39 42 46 31 46 39 48 24 13 44 25 44 48 24 24 40 45 10 44 39 13 15 48 22 12 41 42 36 18 28 49 88 63 49 96 67 76 70 54 80 52 98 95 73 59 91 50 70 80 82 72 85 96 66 98 91 98 70 85 78 60 74 95 49 75 90 76 93 67 96 71 61 67 63 94 83 50 62 88 53 80 
Step 55 : 10 14 19 16 12 48 14 33 48 21 44 38 48 48 28 17 25 27 26 39 42 46 31 46 39 48 24 13 44 25 44 48 24 24 40 45 10 44 39 13 15 48 22 12 41 42 36 18 28 49 88 63 49 96 67 76 70 54 80 52 98 95 73 59 91 50 70 80 82 72 85 96 66 98 91 98 70 85 78 60 74 95 49 75 90 76 93 67 96 71 61 67 63 94 83 50 62 88 53 80 
Step 56 : 10 14 19 16 12 14 48 33 48 21 44 38 48 48 28 17 25 27 26 39 42 46 31 46 39 48 24 13 44 25 44 48 24 24 40 45 10 44 39 13 15 48 22 12 41 42 36 18 28 49 88 63 49 96 67 76 70 54 80 52 98 95 73 59 91 50 70 80 82 72 85 96 66 98 91 98 70 85 78 60 74 95 49 75 90 76 93 67 96 71 61 67 63 94 83 50 62 88 53 80 
Step 57 : 10 14 19 16 12 14 21 33 48 48 44 38 48 48 28 17 25 27 26 39 42 46 31 46 39 48 24 13 44 25 44 48 24 24 40 45 10 44 39 13 15 48 22 12 41 42 36 18 28 49 88 63 49 96 67 76 70 54 80 52 98 95 73 59 91 50 70 80 82 72 85 96 66 98 91 98 70 85 78 60 74 95 49 75 90 76 93 67 96 71 61 67 63 94 83 50 62 88 53 80 
Step 58 : 10 14 19 16 12 14 21 17 48 48 44 38 48 48 28 33 25 27 26 39 42 46 31 46 39 48 24 13 44 25 44 48 24 24 40 45 10 44 39 13 15 48 22 12 41 42 36 18 28 49 88 63 49 96 67 76 70 54 80 52 98 95 73 59 91 50 70 80 82 72 85 96 66 98 91 98 70 85 78 60 74 95 49 75 90 76 93 67 96 71 61 67 63 94 83 50 62 88 53 80 
Step 59 : 10 14 19 16 12 14 21 17 25 48 44 38 48 48 28 33 48 27 26 39 42 46 31 46 39 48 24 13 44 25 44 48 24 24 40 45 10 44 39 13 15 48 22 12 41 42 36 18 28 49 88 63 49 96 67 76 70 54 80 52 98 95 73 59 91 50 70 80 82 72 85 96 66 98 91 98 70 85 78 60 74 95 49 75 90 76 93 67 96 71 61 67 63 94 83 50 62 88 53 80 
Step 60 : 10 14 19 16 12 14 21 17 25 27 44 38 48 48 28 33 48 48 26 39 42 46 31 46 39 48 24 13 44 25 44 48 24 24 40 45 10 44 39 13 15 48 22 12 41 42 36 18 28 49 88 63 49 96 67 76 70 54 80 52 98 95 73 59 91 50 70 80 82 72 85 96 66 98 91 98 70 85 78 60 74 95 49 75 90 76 93 67 96 71 61 67 63 94 83 50 62 88 53 80 
Step 61 : 10 14 19 16 12 14 21 17 25 27 26 38 48 48 28 33 48 48 44 39 42 46 31 46 39 48 24 13 44 25 44 48 24 24 40 45 10 44 39 13 15 48 22 12 41 42 36 18 28 49 88 63 49 96 67 76 70 54 80 52 98 95 73 59 91 50 70 80 82 72 85 96 66 98 91 98 70 85 78 60 74 95 49 75 90 76 93 67 96 71 61 67 63 94 83 50 62 88 53 80 
Step 62 : 10 14 19 16 12 14 21 17 25 27 26 24 48 48 28 33 48 48 44 39 42 46 31 46 39 48 38 13 44 25 44 48 24 24 40 45 10 44 39 13 15 48 22 12 41 42 36 18 28 49 88 63 49 96 67 76 70 54 80 52 98 95 73 59 91 50 70 80 82 72 85 96 66 98 91 98 70 85 78 60 74 95 49 75 90 76 93 67 96 71 61 67 63 94 83 50 62 88 53 80 
Step 63 : 10 14 19 16 12 14 21 17 25 27 26 24 13 48 28 33 48 48 44 39 42 46 31 46 39 48 38 48 44 25 44 48 24 24 40 45 10 44 39 13 15 48 22 12 41 42 36 18 28 49 88 63 49 96 67 76 70 54 80 52 98 95 73 59 91 50 70 80 82 72 85 96 66 98 91 98 70 85 78 60 74 95 49 75 90 76 93 67 96 71 61 67 63 94 83 50 62 88 53 80 
Step 64 : 10 14 19 16 12 14 21 17 25 27 26 24 13 25 28 33 48 48 44 39 42 46 31 46 39 48 38 48 44 48 44 48 24 24 40 45 10 44 39 13 15 48 22 12 41 42 36 18 28 49 88 63 49 96 67 76 70 54 80 52 98 95 73 59 91 50 70 80 82 72 85 96 66 98 91 98 70 85 78 60 74 95 49 75 90 76 93 67 96 71 61 67 63 94 83 50 62 88 53 80 
Step 65 : 10 14 19 16 12 14 21 17 25 27 26 24 13 25 24 33 48 48 44 39 42 46 31 46 39 48 38 48 44 48 44 48 28 24 40 45 10 44 39 13 15 48 22 12 41 42 36 18 28 49 88 63 49 96 67 76 70 54 80 52 98 95 73 59 91 50 70 80 82 72 85 96 66 98 91 98 70 85 78 60 74 95 49 75 90 76 93 67 96 71 61 67 63 94 83 50 62 88 53 80 
Step 66 : 10 14 19 16 12 14 21 17 25 27 26 24 13 25 24 24 48 48 44 39 42 46 31 46 39 48 38 48 44 48 44 48 28 33 40 45 10 44 39 13 15 48 22 12 41 42 36 18 28 49 88 63 49 96 67 76 70 54 80 52 98 95 73 59 91 50 70 80 82 72 85 96 66 98 91 98 70 85 78 60 74 95 49 75 90 76 93 67 96 71 61 67 63 94 83 50 62 88 53 80 
Step 67 : 10 14 19 16 12 14 21 17 25 27 26 24 13 25 24 24 10 48 44 39 42 46 31 46 39 48 38 48 44 48 44 48 28 33 40 45 48 44 39 13 15 48 22 12 41 42 36 18 28 49 88 63 49 96 67 76 70 54 80 52 98 95 73 59 91 50 70 80 82 72 85 96 66 98 91 98 70 85 78 60 74 95 49 75 90 76 93 67 96 71 61 67 63 94 83 50 62 88 53 80 
Step 68 : 10 14 19 16 12 14 21 17 25 27 26 24 13 25 24 24 10 13 44 39 42 46 31 46 39 48 38 48 44 48 44 48 28 33 40 45 48 44 39 48 15 48 22 12 41 42 36 18 28 49 88 63 49 96 67 76 70 54 80 52 98 95 73 59 91 50 70 80 82 72 85 96 66 98 91 98 70 85 78 60 74 95 49 75 90 76 93 67 96 71 61 67 63 94 83 50 62 88 53 80 
Step 69 : 10 14 19 16 12 14 21 17 25 27 26 24 13 25 24 24 10 13 15 39 42 46 31 46 39 48 38 48 44 48 44 48 28 33 40 45 48 44 39 48 44 48 22 12 41 42 36 18 28 49 88 63 49 96 67 76 70 54 80 52 98 95 73 59 91 50 70 80 82 72 85 96 66 98 91 98 70 85 78 60 74 95 49 75 90 76 93 67 96 71 61 67 63 94 83 50 62 88 53 80 
Step 70 : 10 14 19 16 12 14 21 17 25 27 26 24 13 25 24 24 10 13 15 22 42 46 31 46 39 48 38 48 44 48 44 48 28 33 40 45 48 44 39 48 44 48 39 12 41 42 36 18 28 49 88 63 49 96 67 76 70 54 80 52 98 95 73 59 91 50 70 80 82 72 85 96 66 98 91 98 70 85 78 60 74 95 49 75 90 76 93 67 96 71 61 67 63 94 83 50 62 88 53 80 
Step 71 : 10 14 19 16 12 14 21 17 25 27 26 24 13 25 24 24 10 13 15 22 12 46 31 46 39 48 38 48 44 48 44 48 28 33 40 45 48 44 39 48 44 48 39 42 41 42 36 18 28 49 88 63 49 96 67 76 70 54 80 52 98 95 73 59 91 50 70 80 82 72 85 96 66 98 91 98 70 85 78 60 74 95 49 75 90 76 93 67 96 71 61 67 63 94 83 50 62 88 53 80 
Step 72 : 10 14 19 16 12 14 21 17 25 27 26 24 13 25 24 24 10 13 15 22 12 18 31 46 39 48 38 48 44 48 44 48 28 33 40 45 48 44 39 48 44 48 39 42 41 42 36 46 28 49 88 63 49 96 67 76 70 54 80 52 98 95 73 59 91 50 70 80 82 72 85 96 66 98 91 98 70 85 78 60 74 95 49 75 90 76 93 67 96 71 61 67 63 94 83 50 62 88 53 80 
Step 73 : 10 14 19 16 12 14 21 17 25 27 26 24 13 25 24 24 10 13 15 22 12 18 28 46 39 48 38 48 44 48 44 48 28 33 40 45 48 44 39 48 44 48 39 42 41 42 36 46 31 49 88 63 49 96 67 76 70 54 80 52 98 95 73 59 91 50 70 80 82 72 85 96 66 98 91 98 70 85 78 60 74 95 49 75 90 76 93 67 96 71 61 67 63 94 83 50 62 88 53 80 
Step 74 : 10 14 19 16 12 14 21 17 25 27 26 24 13 25 24 24 10 13 15 22 12 18 28 46 39 48 38 48 44 48 44 48 28 33 40 45 48 44 39 48 44 48 39 42 41 42 36 46 31 49 88 63 49 96 67 76 70 54 80 52 98 95 73 59 91 50 70 80 82 72 85 96 66 98 91 98 70 85 78 60 74 95 49 75 90 76 93 67 96 71 61 67 63 94 83 50 62 88 53 80 
Step 75 : 10 14 16 19 12 14 21 17 25 27 26 24 13 25 24 24 10 13 15 22 12 18 28 46 39 48 38 48 44 48 44 48 28 33 40 45 48 44 39 48 44 48 39 42 41 42 36 46 31 49 88 63 49 96 67 76 70 54 80 52 98 95 73 59 91 50 70 80 82 72 85 96 66 98 91 98 70 85 78 60 74 95 49 75 90 76 93 67 96 71 61 67 63 94 83 50 62 88 53 80 
Step 76 : 10 14 16 12 19 14 21 17 25 27 26 24 13 25 24 24 10 13 15 22 12 18 28 46 39 48 38 48 44 48 44 48 28 33 40 45 48 44 39 48 44 48 39 42 41 42 36 46 31 49 88 63 49 96 67 76 70 54 80 52 98 95 73 59 91 50 70 80 82 72 85 96 66 98 91 98 70 85 78 60 74 95 49 75 90 76 93 67 96 71 61 67 63 94 83 50 62 88 53 80 
Step 77 : 10 14 16 12 14 19 21 17 25 27 26 24 13 25 24 24 10 13 15 22 12 18 28 46 39 48 38 48 44 48 44 48 28 33 40 45 48 44 39 48 44 48 39 42 41 42 36 46 31 49 88 63 49 96 67 76 70 54 80 52 98 95 73 59 91 50 70 80 82 72 85 96 66 98 91 98 70 85 78 60 74 95 49 75 90 76 93 67 96 71 61 67 63 94 83 50 62 88 53 80 
Step 78 : 10 14 16 12 14 17 21 19 25 27 26 24 13 25 24 24 10 13 15 22 12 18 28 46 39 48 38 48 44 48 44 48 28 33 40 45 48 44 39 48 44 48 39 42 41 42 36 46 31 49 88 63 49 96 67 76 70 54 80 52 98 95 73 59 91 50 70 80 82 72 85 96 66 98 91 98 70 85 78 60 74 95 49 75 90 76 93 67 96 71 61 67 63 94 83 50 62 88 53 80 
Step 79 : 10 14 16 12 14 17 13 19 25 27 26 24 21 25 24 24 10 13 15 22 12 18 28 46 39 48 38 48 44 48 44 48 28 33 40 45 48 44 39 48 44 48 39 42 41 42 36 46 31 49 88 63 49 96 67 76 70 54 80 52 98 95 73 59 91 50 70 80 82 72 85 96 66 98 91 98 70 85 78 60 74 95 49 75 90 76 93 67 96 71 61 67 63 94 83 50 62 88 53 80 
Step 80 : 10 14 16 12 14 17 13 10 25 27 26 24 21 25 24 24 19 13 15 22 12 18 28 46 39 48 38 48 44 48 44 48 28 33 40 45 48 44 39 48 44 48 39 42 41 42 36 46 31 49 88 63 49 96 67 76 70 54 80 52 98 95 73 59 91 50 70 80 82 72 85 96 66 98 91 98 70 85 78 60 74 95 49 75 90 76 93 67 96 71 61 67 63 94 83 50 62 88 53 80 
Step 81 : 10 14 16 12 14 17 13 10 13 27 26 24 21 25 24 24 19 25 15 22 12 18 28 46 39 48 38 48 44 48 44 48 28 33 40 45 48 44 39 48 44 48 39 42 41 42 36 46 31 49 88 63 49 96 67 76 70 54 80 52 98 95 73 59 91 50 70 80 82 72 85 96 66 98 91 98 70 85 78 60 74 95 49 75 90 76 93 67 96 71 61 67 63 94 83 50 62 88 53 80 
Step 82 : 10 14 16 12 14 17 13 10 13 15 26 24 21 25 24 24 19 25 27 22 12 18 28 46 39 48 38 48 44 48 44 48 28 33 40 45 48 44 39 48 44 48 39 42 41 42 36 46 31 49 88 63 49 96 67 76 70 54 80 52 98 95 73 59 91 50 70 80 82 72 85 96 66 98 91 98 70 85 78 60 74 95 49 75 90 76 93 67 96 71 61 67 63 94 83 50 62 88 53 80 
Step 83 : 10 14 16 12 14 17 13 10 13 15 12 24 21 25 24 24 19 25 27 22 26 18 28 46 39 48 38 48 44 48 44 48 28 33 40 45 48 44 39 48 44 48 39 42 41 42 36 46 31 49 88 63 49 96 67 76 70 54 80 52 98 95 73 59 91 50 70 80 82 72 85 96 66 98 91 98 70 85 78 60 74 95 49 75 90 76 93 67 96 71 61 67 63 94 83 50 62 88 53 80 
Step 84 : 10 14 16 12 14 17 13 10 13 15 12 18 21 25 24 24 19 25 27 22 26 24 28 46 39 48 38 48 44 48 44 48 28 33 40 45 48 44 39 48 44 48 39 42 41 42 36 46 31 49 88 63 49 96 67 76 70 54 80 52 98 95 73 59 91 50 70 80 82 72 85 96 66 98 91 98 70 85 78 60 74 95 49 75 90 76 93 67 96 71 61 67 63 94 83 50 62 88 53 80 
Step 85 : 10 10 16 12 14 17 13 14 13 15 12 18 21 25 24 24 19 25 27 22 26 24 28 46 39 48 38 48 44 48 44 48 28 33 40 45 48 44 39 48 44 48 39 42 41 42 36 46 31 49 88 63 49 96 67 76 70 54 80 52 98 95 73 59 91 50 70 80 82 72 85 96 66 98 91 98 70 85 78 60 74 95 49 75 90 76 93 67 96 71 61 67 63 94 83 50 62 88 53 80 
Step 86 : 10 10 12 12 14 17 13 14 13 15 16 18 21 25 24 24 19 25 27 22 26 24 28 46 39 48 38 48 44 48 44 48 28 33 40 45 48 44 39 48 44 48 39 42 41 42 36 46 31 49 88 63 49 96 67 76 70 54 80 52 98 95 73 59 91 50 70 80 82 72 85 96 66 98 91 98 70 85 78 60 74 95 49 75 90 76 93 67 96 71 61 67 63 94 83 50 62 88 53 80 
Step 87 : 10 10 12 12 14 17 13 14 13 15 16 18 21 25 24 24 19 25 27 22 26 24 28 46 39 48 38 48 44 48 44 48 28 33 40 45 48 44 39 48 44 48 39 42 41 42 36 46 31 49 88 63 49 96 67 76 70 54 80 52 98 95 73 59 91 50 70 80 82 72 85 96 66 98 91 98 70 85 78 60 74 95 49 75 90 76 93 67 96 71 61 67 63 94 83 50 62 88 53 80 
Step 88 : 10 10 12 12 14 17 13 14 13 15 16 18 21 25 24 24 19 25 27 22 26 24 28 46 39 48 38 48 44 48 44 48 28 33 40 45 48 44 39 48 44 48 39 42 41 42 36 46 31 49 88 63 49 96 67 76 70 54 80 52 98 95 73 59 91 50 70 80 82 72 85 96 66 98 91 98 70 85 78 60 74 95 49 75 90 76 93 67 96 71 61 67 63 94 83 50 62 88 53 80 
Step 89 : 10 10 12 12 14 13 17 14 13 15 16 18 21 25 24 24 19 25 27 22 26 24 28 46 39 48 38 48 44 48 44 48 28 33 40 45 48 44 39 48 44 48 39 42 41 42 36 46 31 49 88 63 49 96 67 76 70 54 80 52 98 95 73 59 91 50 70 80 82 72 85 96 66 98 91 98 70 85 78 60 74 95 49 75 90 76 93 67 96 71 61 67 63 94 83 50 62 88 53 80 
Step 90 : 10 10 12 12 14 13 14 17 13 15 16 18 21 25 24 24 19 25 27 22 26 24 28 46 39 48 38 48 44 48 44 48 28 33 40 45 48 44 39 48 44 48 39 42 41 42 36 46 31 49 88 63 49 96 67 76 70 54 80 52 98 95 73 59 91 50 70 80 82 72 85 96 66 98 91 98 70 85 78 60 74 95 49 75 90 76 93 67 96 71 61 67 63 94 83 50 62 88 53 80 
Step 91 : 10 10 12 12 14 13 14 13 17 15 16 18 21 25 24 24 19 25 27 22 26 24 28 46 39 48 38 48 44 48 44 48 28 33 40 45 48 44 39 48 44 48 39 42 41 42 36 46 31 49 88 63 49 96 67 76 70 54 80 52 98 95 73 59 91 50 70 80 82 72 85 96 66 98 91 98 70 85 78 60 74 95 49 75 90 76 93 67 96 71 61 67 63 94 83 50 62 88 53 80 
Step 92 : 10 10 12 12 14 13 14 13 15 17 16 18 21 25 24 24 19 25 27 22 26 24 28 46 39 48 38 48 44 48 44 48 28 33 40 45 48 44 39 48 44 48 39 42 41 42 36 46 31 49 88 63 49 96 67 76 70 54 80 52 98 95 73 59 91 50 70 80 82 72 85 96 66 98 91 98 70 85 78 60 74 95 49 75 90 76 93 67 96 71 61 67 63 94 83 50 62 88 53 80 
Step 93 : 10 10 12 12 14 13 14 13 15 16 17 18 21 25 24 24 19 25 27 22 26 24 28 46 39 48 38 48 44 48 44 48 28 33 40 45 48 44 39 48 44 48 39 42 41 42 36 46 31 49 88 63 49 96 67 76 70 54 80 52 98 95 73 59 91 50 70 80 82 72 85 96 66 98 91 98 70 85 78 60 74 95 49 75 90 76 93 67 96 71 61 67 63 94 83 50 62 88 53 80 
Step 94 : 10 10 12 12 14 13 14 13 15 16 17 18 21 25 24 24 19 25 27 22 26 24 28 46 39 48 38 48 44 48 44 48 28 33 40 45 48 44 39 48 44 48 39 42 41 42 36 46 31 49 88 63 49 96 67 76 70 54 80 52 98 95 73 59 91 50 70 80 82 72 85 96 66 98 91 98 70 85 78 60 74 95 49 75 90 76 93 67 96 71 61 67 63 94 83 50 62 88 53 80 
Step 95 : 10 10 12 12 14 13 14 13 15 16 17 18 21 25 24 24 19 25 27 22 26 24 28 46 39 48 38 48 44 48 44 48 28 33 40 45 48 44 39 48 44 48 39 42 41 42 36 46 31 49 88 63 49 96 67 76 70 54 80 52 98 95 73 59 91 50 70 80 82 72 85 96 66 98 91 98 70 85 78 60 74 95 49 75 90 76 93 67 96 71 61 67 63 94 83 50 62 88 53 80 
Step 96 : 10 10 12 12 14 13 14 13 15 16 17 18 21 25 24 24 19 25 27 22 26 24 28 46 39 48 38 48 44 48 44 48 28 33 40 45 48 44 39 48 44 48 39 42 41 42 36 46 31 49 88 63 49 96 67 76 70 54 80 52 98 95 73 59 91 50 70 80 82 72 85 96 66 98 91 98 70 85 78 60 74 95 49 75 90 76 93 67 96 71 61 67 63 94 83 50 62 88 53 80 
Step 97 : 10 10 12 12 14 13 14 13 15 16 17 18 21 25 24 24 19 25 27 22 26 24 28 46 39 48 38 48 44 48 44 48 28 33 40 45 48 44 39 48 44 48 39 42 41 42 36 46 31 49 88 63 49 96 67 76 70 54 80 52 98 95 73 59 91 50 70 80 82 72 85 96 66 98 91 98 70 85 78 60 74 95 49 75 90 76 93 67 96 71 61 67 63 94 83 50 62 88 53 80 
Step 98 : 10 10 12 12 14 13 14 13 15 16 17 18 21 25 24 24 19 25 27 22 26 24 28 46 39 48 38 48 44 48 44 48 28 33 40 45 48 44 39 48 44 48 39 42 41 42 36 46 31 49 88 63 49 96 67 76 70 54 80 52 98 95 73 59 91 50 70 80 82 72 85 96 66 98 91 98 70 85 78 60 74 95 49 75 90 76 93 67 96 71 61 67 63 94 83 50 62 88 53 80 
Step 99 : 10 10 12 12 14 13 14 13 15 16 17 18 21 25 24 24 19 25 27 22 26 24 28 46 39 48 38 48 44 48 44 48 28 33 40 45 48 44 39 48 44 48 39 42 41 42 36 46 31 49 88 63 49 96 67 76 70 54 80 52 98 95 73 59 91 50 70 80 82 72 85 96 66 98 91 98 70 85 78 60 74 95 49 75 90 76 93 67 96 71 61 67 63 94 83 50 62 88 53 80 
Step 100 : 10 10 12 12 14 13 14 13 15 16 17 18 21 25 24 24 19 25 27 22 26 24 28 46 39 48 38 48 44 48 44 48 28 33 40 45 48 44 39 48 44 48 39 42 41 42 36 46 31 49 88 63 49 96 67 76 70 54 80 52 98 95 73 59 91 50 70 80 82 72 85 96 66 98 91 98 70 85 78 60 74 95 49 75 90 76 93 67 96 71 61 67 63 94 83 50 62 88 53 80 
Step 101 : 10 10 12 12 13 13 14 14 15 16 17 18 21 25 24 24 19 25 27 22 26 24 28 46 39 48 38 48 44 48 44 48 28 33 40 45 48 44 39 48 44 48 39 42 41 42 36 46 31 49 88 63 49 96 67 76 70 54 80 52 98 95 73 59 91 50 70 80 82 72 85 96 66 98 91 98 70 85 78 60 74 95 49 75 90 76 93 67 96 71 61 67 63 94 83 50 62 88 53 80 
Step 102 : 10 10 12 12 13 13 14 14 15 16 17 18 21 25 24 24 19 25 27 22 26 24 28 46 39 48 38 48 44 48 44 48 28 33 40 45 48 44 39 48 44 48 39 42 41 42 36 46 31 49 88 63 49 96 67 76 70 54 80 52 98 95 73 59 91 50 70 80 82 72 85 96 66 98 91 98 70 85 78 60 74 95 49 75 90 76 93 67 96 71 61 67 63 94 83 50 62 88 53 80 
Step 103 : 10 10 12 12 13 13 14 14 15 16 17 18 21 25 24 24 19 25 27 22 26 24 28 46 39 48 38 48 44 48 44 48 28 33 40 45 48 44 39 48 44 48 39 42 41 42 36 46 31 49 88 63 49 96 67 76 70 54 80 52 98 95 73 59 91 50 70 80 82 72 85 96 66 98 91 98 70 85 78 60 74 95 49 75 90 76 93 67 96 71 61 67 63 94 83 50 62 88 53 80 
Step 104 : 10 10 12 12 13 13 14 14 15 16 17 18 21 25 24 24 19 25 27 22 26 24 28 46 39 48 38 48 44 48 44 48 28 33 40 45 48 44 39 48 44 48 39 42 41 42 36 46 31 49 88 63 49 96 67 76 70 54 80 52 98 95 73 59 91 50 70 80 82 72 85 96 66 98 91 98 70 85 78 60 74 95 49 75 90 76 93 67 96 71 61 67 63 94 83 50 62 88 53 80 
Step 105 : 10 10 12 12 13 13 14 14 15 16 17 18 21 19 24 24 25 25 27 22 26 24 28 46 39 48 38 48 44 48 44 48 28 33 40 45 48 44 39 48 44 48 39 42 41 42 36 46 31 49 88 63 49 96 67 76 70 54 80 52 98 95 73 59 91 50 70 80 82 72 85 96 66 98 91 98 70 85 78 60 74 95 49 75 90 76 93 67 96 71 61 67 63 94 83 50 62 88 53 80 
Step 106 : 10 10 12 12 13 13 14 14 15 16 17 18 21 19 22 24 25 25 27 24 26 24 28 46 39 48 38 48 44 48 44 48 28 33 40 45 48 44 39 48 44 48 39 42 41 42 36 46 31 49 88 63 49 96 67 76 70 54 80 52 98 95 73 59 91 50 70 80 82 72 85 96 66 98 91 98 70 85 78 60 74 95 49 75 90 76 93 67 96 71 61 67 63 94 83 50 62 88 53 80 
Step 107 : 10 10 12 12 13 13 14 14 15 16 17 18 21 19 22 24 25 25 27 24 26 24 28 46 39 48 38 48 44 48 44 48 28 33 40 45 48 44 39 48 44 48 39 42 41 42 36 46 31 49 88 63 49 96 67 76 70 54 80 52 98 95 73 59 91 50 70 80 82 72 85 96 66 98 91 98 70 85 78 60 74 95 49 75 90 76 93 67 96 71 61 67 63 94 83 50 62 88 53 80 
Step 108 : 10 10 12 12 13 13 14 14 15 16 17 18 21 19 22 24 25 25 27 24 26 24 28 46 39 48 38 48 44 48 44 48 28 33 40 45 48 44 39 48 44 48 39 42 41 42 36 46 31 49 88 63 49 96 67 76 70 54 80 52 98 95 73 59 91 50 70 80 82 72 85 96 66 98 91 98 70 85 78 60 74 95 49 75 90 76 93 67 96 71 61 67 63 94 83 50 62 88 53 80 
Step 109 : 10 10 12 12 13 13 14 14 15 16 17 18 21 19 22 24 25 25 27 24 26 24 28 46 39 48 38 48 44 48 44 48 28 33 40 45 48 44 39 48 44 48 39 42 41 42 36 46 31 49 88 63 49 96 67 76 70 54 80 52 98 95 73 59 91 50 70 80 82 72 85 96 66 98 91 98 70 85 78 60 74 95 49 75 90 76 93 67 96 71 61 67 63 94 83 50 62 88 53 80 
Step 110 : 10 10 12 12 13 13 14 14 15 16 17 18 21 19 22 24 25 25 27 24 26 24 28 46 39 48 38 48 44 48 44 48 28 33 40 45 48 44 39 48 44 48 39 42 41 42 36 46 31 49 88 63 49 96 67 76 70 54 80 52 98 95 73 59 91 50 70 80 82 72 85 96 66 98 91 98 70 85 78 60 74 95 49 75 90 76 93 67 96 71 61 67 63 94 83 50 62 88 53 80 
Step 111 : 10 10 12 12 13 13 14 14 15 16 17 18 19 21 22 24 25 25 27 24 26 24 28 46 39 48 38 48 44 48 44 48 28 33 40 45 48 44 39 48 44 48 39 42 41 42 36 46 31 49 88 63 49 96 67 76 70 54 80 52 98 95 73 59 91 50 70 80 82 72 85 96 66 98 91 98 70 85 78 60 74 95 49 75 90 76 93 67 96 71 61 67 63 94 83 50 62 88 53 80 
Step 112 : 10 10 12 12 13 13 14 14 15 16 17 18 19 21 22 24 24 25 27 24 26 25 28 46 39 48 38 48 44 48 44 48 28 33 40 45 48 44 39 48 44 48 39 42 41 42 36 46 31 49 88 63 49 96 67 76 70 54 80 52 98 95 73 59 91 50 70 80 82 72 85 96 66 98 91 98 70 85 78 60 74 95 49 75 90 76 93 67 96 71 61 67 63 94 83 50 62 88 53 80 
Step 113 : 10 10 12 12 13 13 14 14 15 16 17 18 19 21 22 24 24 24 27 25 26 25 28 46 39 48 38 48 44 48 44 48 28 33 40 45 48 44 39 48 44 48 39 42 41 42 36 46 31 49 88 63 49 96 67 76 70 54 80 52 98 95 73 59 91 50 70 80 82 72 85 96 66 98 91 98 70 85 78 60 74 95 49 75 90 76 93 67 96 71 61 67 63 94 83 50 62 88 53 80 
Step 114 : 10 10 12 12 13 13 14 14 15 16 17 18 19 21 22 24 24 24 25 25 26 27 28 46 39 48 38 48 44 48 44 48 28 33 40 45 48 44 39 48 44 48 39 42 41 42 36 46 31 49 88 63 49 96 67 76 70 54 80 52 98 95 73 59 91 50 70 80 82 72 85 96 66 98 91 98 70 85 78 60 74 95 49 75 90 76 93 67 96 71 61 67 63 94 83 50 62 88 53 80 
Step 115 : 10 10 12 12 13 13 14 14 15 16 17 18 19 21 22 24 24 24 25 25 26 27 28 46 39 48 38 48 44 48 44 48 28 33 40 45 48 44 39 48 44 48 39 42 41 42 36 46 31 49 88 63 49 96 67 76 70 54 80 52 98 95 73 59 91 50 70 80 82 72 85 96 66 98 91 98 70 85 78 60 74 95 49 75 90 76 93 67 96 71 61 67 63 94 83 50 62 88 53 80 
Step 116 : 10 10 12 12 13 13 14 14 15 16 17 18 19 21 22 24 24 24 25 25 26 27 28 46 39 48 38 48 44 48 44 48 28 33 40 45 48 44 39 48 44 48 39 42 41 42 36 46 31 49 88 63 49 96 67 76 70 54 80 52 98 95 73 59 91 50 70 80 82 72 85 96 66 98 91 98 70 85 78 60 74 95 49 75 90 76 93 67 96 71 61 67 63 94 83 50 62 88 53 80 
Step 117 : 10 10 12 12 13 13 14 14 15 16 17 18 19 21 22 24 24 24 25 25 26 27 28 46 39 48 38 48 44 48 44 48 28 33 40 45 48 44 39 48 44 48 39 42 41 42 36 46 31 49 88 63 49 96 67 76 70 54 80 52 98 95 73 59 91 50 70 80 82 72 85 96 66 98 91 98 70 85 78 60 74 95 49 75 90 76 93 67 96 71 61 67 63 94 83 50 62 88 53 80 
Step 118 : 10 10 12 12 13 13 14 14 15 16 17 18 19 21 22 24 24 24 25 25 26 27 28 46 39 48 38 48 44 48 44 48 28 33 40 45 48 44 39 48 44 48 39 42 41 42 36 46 31 49 88 63 49 96 67 76 70 54 80 52 98 95 73 59 91 50 70 80 82 72 85 96 66 98 91 98 70 85 78 60 74 95 49 75 90 76 93 67 96 71 61 67 63 94 83 50 62 88 53 80 
Step 119 : 10 10 12 12 13 13 14 14 15 16 17 18 19 21 22 24 24 24 25 25 26 27 28 46 39 48 38 48 44 48 44 48 28 33 40 45 48 44 39 48 44 48 39 42 41 42 36 46 31 49 88 63 49 96 67 76 70 54 80 52 98 95 73 59 91 50 70 80 82 72 85 96 66 98 91 98 70 85 78 60 74 95 49 75 90 76 93 67 96 71 61 67 63 94 83 50 62 88 53 80 
Step 120 : 10 10 12 12 13 13 14 14 15 16 17 18 19 21 22 24 24 24 25 25 26 27 28 28 39 48 38 48 44 48 44 48 46 33 40 45 48 44 39 48 44 48 39 42 41 42 36 46 31 49 88 63 49 96 67 76 70 54 80 52 98 95 73 59 91 50 70 80 82 72 85 96 66 98 91 98 70 85 78 60 74 95 49 75 90 76 93 67 96 71 61 67 63 94 83 50 62 88 53 80 
Step 121 : 10 10 12 12 13 13 14 14 15 16 17 18 19 21 22 24 24 24 25 25 26 27 28 28 31 48 38 48 44 48 44 48 46 33 40 45 48 44 39 48 44 48 39 42 41 42 36 46 39 49 88 63 49 96 67 76 70 54 80 52 98 95 73 59 91 50 70 80 82 72 85 96 66 98 91 98 70 85 78 60 74 95 49 75 90 76 93 67 96 71 61 67 63 94 83 50 62 88 53 80 
Step 122 : 10 10 12 12 13 13 14 14 15 16 17 18 19 21 22 24 24 24 25 25 26 27 28 28 31 38 48 48 44 48 44 48 46 33 40 45 48 44 39 48 44 48 39 42 41 42 36 46 39 49 88 63 49 96 67 76 70 54 80 52 98 95 73 59 91 50 70 80 82 72 85 96 66 98 91 98 70 85 78 60 74 95 49 75 90 76 93 67 96 71 61 67 63 94 83 50 62 88 53 80 
Step 123 : 10 10 12 12 13 13 14 14 15 16 17 18 19 21 22 24 24 24 25 25 26 27 28 28 31 38 33 48 44 48 44 48 46 48 40 45 48 44 39 48 44 48 39 42 41 42 36 46 39 49 88 63 49 96 67 76 70 54 80 52 98 95 73 59 91 50 70 80 82 72 85 96 66 98 91 98 70 85 78 60 74 95 49 75 90 76 93 67 96 71 61 67 63 94 83 50 62 88 53 80 
Step 124 : 10 10 12 12 13 13 14 14 15 16 17 18 19 21 22 24 24 24 25 25 26 27 28 28 31 38 33 36 44 48 44 48 46 48 40 45 48 44 39 48 44 48 39 42 41 42 48 46 39 49 88 63 49 96 67 76 70 54 80 52 98 95 73 59 91 50 70 80 82 72 85 96 66 98 91 98 70 85 78 60 74 95 49 75 90 76 93 67 96 71 61 67 63 94 83 50 62 88 53 80 
Step 125 : 10 10 12 12 13 13 14 14 15 16 17 18 19 21 22 24 24 24 25 25 26 27 28 28 31 38 33 36 39 48 44 48 46 48 40 45 48 44 39 48 44 48 39 42 41 42 48 46 44 49 88 63 49 96 67 76 70 54 80 52 98 95 73 59 91 50 70 80 82 72 85 96 66 98 91 98 70 85 78 60 74 95 49 75 90 76 93 67 96 71 61 67 63 94 83 50 62 88 53 80 
Step 126 : 10 10 12 12 13 13 14 14 15 16 17 18 19 21 22 24 24 24 25 25 26 27 28 28 31 33 38 36 39 48 44 48 46 48 40 45 48 44 39 48 44 48 39 42 41 42 48 46 44 49 88 63 49 96 67 76 70 54 80 52 98 95 73 59 91 50 70 80 82 72 85 96 66 98 91 98 70 85 78 60 74 95 49 75 90 76 93 67 96 71 61 67 63 94 83 50 62 88 53 80 
Step 127 : 10 10 12 12 13 13 14 14 15 16 17 18 19 21 22 24 24 24 25 25 26 27 28 28 31 33 36 38 39 48 44 48 46 48 40 45 48 44 39 48 44 48 39 42 41 42 48 46 44 49 88 63 49 96 67 76 70 54 80 52 98 95 73 59 91 50 70 80 82 72 85 96 66 98 91 98 70 85 78 60 74 95 49 75 90 76 93 67 96 71 61 67 63 94 83 50 62 88 53 80 
Step 128 : 10 10 12 12 13 13 14 14 15 16 17 18 19 21 22 24 24 24 25 25 26 27 28 28 31 33 36 38 39 40 44 48 46 48 48 45 48 44 39 48 44 48 39 42 41 42 48 46 44 49 88 63 49 96 67 76 70 54 80 52 98 95 73 59 91 50 70 80 82 72 85 96 66 98 91 98 70 85 78 60 74 95 49 75 90 76 93 67 96 71 61 67 63 94 83 50 62 88 53 80 
Step 129 : 10 10 12 12 13 13 14 14 15 16 17 18 19 21 22 24 24 24 25 25 26 27 28 28 31 33 36 38 39 40 39 48 46 48 48 45 48 44 44 48 44 48 39 42 41 42 48 46 44 49 88 63 49 96 67 76 70 54 80 52 98 95 73 59 91 50 70 80 82 72 85 96 66 98 91 98 70 85 78 60 74 95 49 75 90 76 93 67 96 71 61 67 63 94 83 50 62 88 53 80 
Step 130 : 10 10 12 12 13 13 14 14 15 16 17 18 19 21 22 24 24 24 25 25 26 27 28 28 31 33 36 38 39 40 39 39 46 48 48 45 48 44 44 48 44 48 48 42 41 42 48 46 44 49 88 63 49 96 67 76 70 54 80 52 98 95 73 59 91 50 70 80 82 72 85 96 66 98 91 98 70 85 78 60 74 95 49 75 90 76 93 67 96 71 61 67 63 94 83 50 62 88 53 80 
Step 131 : 10 10 12 12 13 13 14 14 15 16 17 18 19 21 22 24 24 24 25 25 26 27 28 28 31 33 36 38 39 40 39 39 42 48 48 45 48 44 44 48 44 48 48 46 41 42 48 46 44 49 88 63 49 96 67 76 70 54 80 52 98 95 73 59 91 50 70 80 82 72 85 96 66 98 91 98 70 85 78 60 74 95 49 75 90 76 93 67 96 71 61 67 63 94 83 50 62 88 53 80 
Step 132 : 10 10 12 12 13 13 14 14 15 16 17 18 19 21 22 24 24 24 25 25 26 27 28 28 31 33 36 38 39 40 39 39 42 41 48 45 48 44 44 48 44 48 48 46 48 42 48 46 44 49 88 63 49 96 67 76 70 54 80 52 98 95 73 59 91 50 70 80 82 72 85 96 66 98 91 98 70 85 78 60 74 95 49 75 90 76 93 67 96 71 61 67 63 94 83 50 62 88 53 80 
Step 133 : 10 10 12 12 13 13 14 14 15 16 17 18 19 21 22 24 24 24 25 25 26 27 28 28 31 33 36 38 39 40 39 39 42 41 42 45 48 44 44 48 44 48 48 46 48 48 48 46 44 49 88 63 49 96 67 76 70 54 80 52 98 95 73 59 91 50 70 80 82 72 85 96 66 98 91 98 70 85 78 60 74 95 49 75 90 76 93 67 96 71 61 67 63 94 83 50 62 88 53 80 
Step 134 : 10 10 12 12 13 13 14 14 15 16 17 18 19 21 22 24 24 24 25 25 26 27 28 28 31 33 36 38 39 40 39 39 42 41 42 44 48 44 44 48 44 48 48 46 48 48 48 46 45 49 88 63 49 96 67 76 70 54 80 52 98 95 73 59 91 50 70 80 82 72 85 96 66 98 91 98 70 85 78 60 74 95 49 75 90 76 93 67 96 71 61 67 63 94 83 50 62 88 53 80 
Step 135 : 10 10 12 12 13 13 14 14 15 16 17 18 19 21 22 24 24 24 25 25 26 27 28 28 31 33 36 38 39 40 39 39 42 41 42 44 48 44 44 48 44 48 48 46 48 48 48 46 45 49 88 63 49 96 67 76 70 54 80 52 98 95 73 59 91 50 70 80 82 72 85 96 66 98 91 98 70 85 78 60 74 95 49 75 90 76 93 67 96 71 61 67 63 94 83 50 62 88 53 80 
Step 136 : 10 10 12 12 13 13 14 14 15 16 17 18 19 21 22 24 24 24 25 25 26 27 28 28 31 33 36 38 39 40 39 39 42 41 42 44 48 44 44 48 44 48 48 46 48 48 48 46 45 49 88 63 49 96 67 76 70 54 80 52 98 95 73 59 91 50 70 80 82 72 85 96 66 98 91 98 70 85 78 60 74 95 49 75 90 76 93 67 96 71 61 67 63 94 83 50 62 88 53 80 
Step 137 : 10 10 12 12 13 13 14 14 15 16 17 18 19 21 22 24 24 24 25 25 26 27 28 28 31 33 36 38 39 40 39 39 42 41 42 44 48 44 44 48 44 48 48 46 48 48 48 46 45 49 88 63 49 96 67 76 70 54 80 52 98 95 73 59 91 50 70 80 82 72 85 96 66 98 91 98 70 85 78 60 74 95 49 75 90 76 93 67 96 71 61 67 63 94 83 50 62 88 53 80 
Step 138 : 10 10 12 12 13 13 14 14 15 16 17 18 19 21 22 24 24 24 25 25 26 27 28 28 31 33 36 38 39 40 39 39 41 42 42 44 48 44 44 48 44 48 48 46 48 48 48 46 45 49 88 63 49 96 67 76 70 54 80 52 98 95 73 59 91 50 70 80 82 72 85 96 66 98 91 98 70 85 78 60 74 95 49 75 90 76 93 67 96 71 61 67 63 94 83 50 62 88 53 80 
Step 139 : 10 10 12 12 13 13 14 14 15 16 17 18 19 21 22 24 24 24 25 25 26 27 28 28 31 33 36 38 39 40 39 39 41 42 42 44 48 44 44 48 44 48 48 46 48 48 48 46 45 49 88 63 49 96 67 76 70 54 80 52 98 95 73 59 91 50 70 80 82 72 85 96 66 98 91 98 70 85 78 60 74 95 49 75 90 76 93 67 96 71 61 67 63 94 83 50 62 88 53 80 
Step 140 : 10 10 12 12 13 13 14 14 15 16 17 18 19 21 22 24 24 24 25 25 26 27 28 28 31 33 36 38 39 40 39 39 41 42 42 44 48 44 44 48 44 48 48 46 48 48 48 46 45 49 88 63 49 96 67 76 70 54 80 52 98 95 73 59 91 50 70 80 82 72 85 96 66 98 91 98 70 85 78 60 74 95 49 75 90 76 93 67 96 71 61 67 63 94 83 50 62 88 53 80 
Step 141 : 10 10 12 12 13 13 14 14 15 16 17 18 19 21 22 24 24 24 25 25 26 27 28 28 31 33 36 38 39 40 39 39 41 42 42 44 48 44 44 48 44 48 48 46 48 48 48 46 45 49 88 63 49 96 67 76 70 54 80 52 98 95 73 59 91 50 70 80 82 72 85 96 66 98 91 98 70 85 78 60 74 95 49 75 90 76 93 67 96 71 61 67 63 94 83 50 62 88 53 80 
Step 142 : 10 10 12 12 13 13 14 14 15 16 17 18 19 21 22 24 24 24 25 25 26 27 28 28 31 33 36 38 39 40 39 39 41 42 42 44 48 44 44 48 44 48 48 46 48 48 48 46 45 49 88 63 49 96 67 76 70 54 80 52 98 95 73 59 91 50 70 80 82 72 85 96 66 98 91 98 70 85 78 60 74 95 49 75 90 76 93 67 96 71 61 67 63 94 83 50 62 88 53 80 
Step 143 : 10 10 12 12 13 13 14 14 15 16 17 18 19 21 22 24 24 24 25 25 26 27 28 28 31 33 36 38 39 40 39 39 41 42 42 44 48 44 44 48 44 48 48 46 48 48 48 46 45 49 88 63 49 96 67 76 70 54 80 52 98 95 73 59 91 50 70 80 82 72 85 96 66 98 91 98 70 85 78 60 74 95 49 75 90 76 93 67 96 71 61 67 63 94 83 50 62 88 53 80 
Step 144 : 10 10 12 12 13 13 14 14 15 16 17 18 19 21 22 24 24 24 25 25 26 27 28 28 31 33 36 38 39 39 39 40 41 42 42 44 48 44 44 48 44 48 48 46 48 48 48 46 45 49 88 63 49 96 67 76 70 54 80 52 98 95 73 59 91 50 70 80 82 72 85 96 66 98 91 98 70 85 78 60 74 95 49 75 90 76 93 67 96 71 61 67 63 94 83 50 62 88 53 80 
Step 145 : 10 10 12 12 13 13 14 14 15 16 17 18 19 21 22 24 24 24 25 25 26 27 28 28 31 33 36 38 39 39 39 40 41 42 42 44 48 44 44 48 44 48 48 46 48 48 48 46 45 49 88 63 49 96 67 76 70 54 80 52 98 95 73 59 91 50 70 80 82 72 85 96 66 98 91 98 70 85 78 60 74 95 49 75 90 76 93 67 96 71 61 67 63 94 83 50 62 88 53 80 
Step 146 : 10 10 12 12 13 13 14 14 15 16 17 18 19 21 22 24 24 24 25 25 26 27 28 28 31 33 36 38 39 39 39 40 41 42 42 44 48 44 44 48 44 48 48 46 48 48 48 46 45 49 88 63 49 96 67 76 70 54 80 52 98 95 73 59 91 50 70 80 82 72 85 96 66 98 91 98 70 85 78 60 74 95 49 75 90 76 93 67 96 71 61 67 63 94 83 50 62 88 53 80 
Step 147 : 10 10 12 12 13 13 14 14 15 16 17 18 19 21 22 24 24 24 25 25 26 27 28 28 31 33 36 38 39 39 39 40 41 42 42 44 44 48 44 48 44 48 48 46 48 48 48 46 45 49 88 63 49 96 67 76 70 54 80 52 98 95 73 59 91 50 70 80 82 72 85 96 66 98 91 98 70 85 78 60 74 95 49 75 90 76 93 67 96 71 61 67 63 94 83 50 62 88 53 80 
Step 148 : 10 10 12 12 13 13 14 14 15 16 17 18 19 21 22 24 24 24 25 25 26 27 28 28 31 33 36 38 39 39 39 40 41 42 42 44 44 44 48 48 44 48 48 46 48 48 48 46 45 49 88 63 49 96 67 76 70 54 80 52 98 95 73 59 91 50 70 80 82 72 85 96 66 98 91 98 70 85 78 60 74 95 49 75 90 76 93 67 96 71 61 67 63 94 83 50 62 88 53 80 
Step 149 : 10 10 12 12 13 13 14 14 15 16 17 18 19 21 22 24 24 24 25 25 26 27 28 28 31 33 36 38 39 39 39 40 41 42 42 44 44 44 44 48 48 48 48 46 48 48 48 46 45 49 88 63 49 96 67 76 70 54 80 52 98 95 73 59 91 50 70 80 82 72 85 96 66 98 91 98 70 85 78 60 74 95 49 75 90 76 93 67 96 71 61 67 63 94 83 50 62 88 53 80 
Step 150 : 10 10 12 12 13 13 14 14 15 16 17 18 19 21 22 24 24 24 25 25 26 27 28 28 31 33 36 38 39 39 39 40 41 42 42 44 44 44 44 45 48 48 48 46 48 48 48 46 48 49 88 63 49 96 67 76 70 54 80 52 98 95 73 59 91 50 70 80 82 72 85 96 66 98 91 98 70 85 78 60 74 95 49 75 90 76 93 67 96 71 61 67 63 94 83 50 62 88 53 80 
Step 151 : 10 10 12 12 13 13 14 14 15 16 17 18 19 21 22 24 24 24 25 25 26 27 28 28 31 33 36 38 39 39 39 40 41 42 42 44 44 44 44 45 48 48 48 46 48 48 48 46 48 49 88 63 49 96 67 76 70 54 80 52 98 95 73 59 91 50 70 80 82 72 85 96 66 98 91 98 70 85 78 60 74 95 49 75 90 76 93 67 96 71 61 67 63 94 83 50 62 88 53 80 
Step 152 : 10 10 12 12 13 13 14 14 15 16 17 18 19 21 22 24 24 24 25 25 26 27 28 28 31 33 36 38 39 39 39 40 41 42 42 44 44 44 44 45 48 48 48 46 48 48 48 46 48 49 88 63 49 96 67 76 70 54 80 52 98 95 73 59 91 50 70 80 82 72 85 96 66 98 91 98 70 85 78 60 74 95 49 75 90 76 93 67 96 71 61 67 63 94 83 50 62 88 53 80 
Step 153 : 10 10 12 12 13 13 14 14 15 16 17 18 19 21 22 24 24 24 25 25 26 27 28 28 31 33 36 38 39 39 39 40 41 42 42 44 44 44 44 45 46 48 48 48 48 48 48 46 48 49 88 63 49 96 67 76 70 54 80 52 98 95 73 59 91 50 70 80 82 72 85 96 66 98 91 98 70 85 78 60 74 95 49 75 90 76 93 67 96 71 61 67 63 94 83 50 62 88 53 80 
Step 154 : 10 10 12 12 13 13 14 14 15 16 17 18 19 21 22 24 24 24 25 25 26 27 28 28 31 33 36 38 39 39 39 40 41 42 42 44 44 44 44 45 46 46 48 48 48 48 48 48 48 49 88 63 49 96 67 76 70 54 80 52 98 95 73 59 91 50 70 80 82 72 85 96 66 98 91 98 70 85 78 60 74 95 49 75 90 76 93 67 96 71 61 67 63 94 83 50 62 88 53 80 
Step 155 : 10 10 12 12 13 13 14 14 15 16 17 18 19 21 22 24 24 24 25 25 26 27 28 28 31 33 36 38 39 39 39 40 41 42 42 44 44 44 44 45 46 46 48 48 48 48 48 48 48 49 88 63 49 96 67 76 70 54 80 52 98 95 73 59 91 50 70 80 82 72 85 96 66 98 91 98 70 85 78 60 74 95 49 75 90 76 93 67 96 71 61 67 63 94 83 50 62 88 53 80 
Step 156 : 10 10 12 12 13 13 14 14 15 16 17 18 19 21 22 24 24 24 25 25 26 27 28 28 31 33 36 38 39 39 39 40 41 42 42 44 44 44 44 45 46 46 48 48 48 48 48 48 48 49 88 63 49 96 67 76 70 54 80 52 98 95 73 59 91 50 70 80 82 72 85 96 66 98 91 98 70 85 78 60 74 95 49 75 90 76 93 67 96 71 61 67 63 94 83 50 62 88 53 80 
Step 157 : 10 10 12 12 13 13 14 14 15 16 17 18 19 21 22 24 24 24 25 25 26 27 28 28 31 33 36 38 39 39 39 40 41 42 42 44 44 44 44 45 46 46 48 48 48 48 48 48 48 49 88 63 49 96 67 76 70 54 80 52 98 95 73 59 91 50 70 80 82 72 85 96 66 98 91 98 70 85 78 60 74 95 49 75 90 76 93 67 96 71 61 67 63 94 83 50 62 88 53 80 
Step 158 : 10 10 12 12 13 13 14 14 15 16 17 18 19 21 22 24 24 24 25 25 26 27 28 28 31 33 36 38 39 39 39 40 41 42 42 44 44 44 44 45 46 46 48 48 48 48 48 48 48 49 88 63 49 96 67 76 70 54 80 52 98 95 73 59 91 50 70 80 82 72 85 96 66 98 91 98 70 85 78 60 74 95 49 75 90 76 93 67 96 71 61 67 63 94 83 50 62 88 53 80 
Step 159 : 10 10 12 12 13 13 14 14 15 16 17 18 19 21 22 24 24 24 25 25 26 27 28 28 31 33 36 38 39 39 39 40 41 42 42 44 44 44 44 45 46 46 48 48 48 48 48 48 48 49 88 63 49 96 67 76 70 54 80 52 98 95 73 59 91 50 70 80 82 72 85 96 66 98 91 98 70 85 78 60 74 95 49 75 90 76 93 67 96 71 61 67 63 94 83 50 62 88 53 80 
Step 160 : 10 10 12 12 13 13 14 14 15 16 17 18 19 21 22 24 24 24 25 25 26 27 28 28 31 33 36 38 39 39 39 40 41 42 42 44 44 44 44 45 46 46 48 48 48 48 48 48 48 49 88 63 49 96 67 76 70 54 80 52 98 95 73 59 91 50 70 80 82 72 85 96 66 98 91 98 70 85 78 60 74 95 49 75 90 76 93 67 96 71 61 67 63 94 83 50 62 88 53 80 
Step 161 : 10 10 12 12 13 13 14 14 15 16 17 18 19 21 22 24 24 24 25 25 26 27 28 28 31 33 36 38 39 39 39 40 41 42 42 44 44 44 44 45 46 46 48 48 48 48 48 48 48 49 88 63 49 96 67 76 70 54 80 52 98 95 73 59 91 50 70 80 82 72 85 96 66 98 91 98 70 85 78 60 74 95 49 75 90 76 93 67 96 71 61 67 63 94 83 50 62 88 53 80 
Step 162 : 10 10 12 12 13 13 14 14 15 16 17 18 19 21 22 24 24 24 25 25 26 27 28 28 31 33 36 38 39 39 39 40 41 42 42 44 44 44 44 45 46 46 48 48 48 48 48 48 48 49 63 88 49 96 67 76 70 54 80 52 98 95 73 59 91 50 70 80 82 72 85 96 66 98 91 98 70 85 78 60 74 95 49 75 90 76 93 67 96 71 61 67 63 94 83 50 62 88 53 80 
Step 163 : 10 10 12 12 13 13 14 14 15 16 17 18 19 21 22 24 24 24 25 25 26 27 28 28 31 33 36 38 39 39 39 40 41 42 42 44 44 44 44 45 46 46 48 48 48 48 48 48 48 49 63 49 88 96 67 76 70 54 80 52 98 95 73 59 91 50 70 80 82 72 85 96 66 98 91 98 70 85 78 60 74 95 49 75 90 76 93 67 96 71 61 67 63 94 83 50 62 88 53 80 
Step 164 : 10 10 12 12 13 13 14 14 15 16 17 18 19 21 22 24 24 24 25 25 26 27 28 28 31 33 36 38 39 39 39 40 41 42 42 44 44 44 44 45 46 46 48 48 48 48 48 48 48 49 63 49 67 96 88 76 70 54 80 52 98 95 73 59 91 50 70 80 82 72 85 96 66 98 91 98 70 85 78 60 74 95 49 75 90 76 93 67 96 71 61 67 63 94 83 50 62 88 53 80 
Step 165 : 10 10 12 12 13 13 14 14 15 16 17 18 19 21 22 24 24 24 25 25 26 27 28 28 31 33 36 38 39 39 39 40 41 42 42 44 44 44 44 45 46 46 48 48 48 48 48 48 48 49 63 49 67 76 88 96 70 54 80 52 98 95 73 59 91 50 70 80 82 72 85 96 66 98 91 98 70 85 78 60 74 95 49 75 90 76 93 67 96 71 61 67 63 94 83 50 62 88 53 80 
Step 166 : 10 10 12 12 13 13 14 14 15 16 17 18 19 21 22 24 24 24 25 25 26 27 28 28 31 33 36 38 39 39 39 40 41 42 42 44 44 44 44 45 46 46 48 48 48 48 48 48 48 49 63 49 67 76 70 96 88 54 80 52 98 95 73 59 91 50 70 80 82 72 85 96 66 98 91 98 70 85 78 60 74 95 49 75 90 76 93 67 96 71 61 67 63 94 83 50 62 88 53 80 
Step 167 : 10 10 12 12 13 13 14 14 15 16 17 18 19 21 22 24 24 24 25 25 26 27 28 28 31 33 36 38 39 39 39 40 41 42 42 44 44 44 44 45 46 46 48 48 48 48 48 48 48 49 63 49 67 76 70 54 88 96 80 52 98 95 73 59 91 50 70 80 82 72 85 96 66 98 91 98 70 85 78 60 74 95 49 75 90 76 93 67 96 71 61 67 63 94 83 50 62 88 53 80 
Step 168 : 10 10 12 12 13 13 14 14 15 16 17 18 19 21 22 24 24 24 25 25 26 27 28 28 31 33 36 38 39 39 39 40 41 42 42 44 44 44 44 45 46 46 48 48 48 48 48 48 48 49 63 49 67 76 70 54 52 96 80 88 98 95 73 59 91 50 70 80 82 72 85 96 66 98 91 98 70 85 78 60 74 95 49 75 90 76 93 67 96 71 61 67 63 94 83 50 62 88 53 80 
Step 169 : 10 10 12 12 13 13 14 14 15 16 17 18 19 21 22 24 24 24 25 25 26 27 28 28 31 33 36 38 39 39 39 40 41 42 42 44 44 44 44 45 46 46 48 48 48 48 48 48 48 49 63 49 67 76 70 54 52 73 80 88 98 95 96 59 91 50 70 80 82 72 85 96 66 98 91 98 70 85 78 60 74 95 49 75 90 76 93 67 96 71 61 67 63 94 83 50 62 88 53 80 
Step 170 : 10 10 12 12 13 13 14 14 15 16 17 18 19 21 22 24 24 24 25 25 26 27 28 28 31 33 36 38 39 39 39 40 41 42 42 44 44 44 44 45 46 46 48 48 48 48 48 48 48 49 63 49 67 76 70 54 52 73 59 88 98 95 96 80 91 50 70 80 82 72 85 96 66 98 91 98 70 85 78 60 74 95 49 75 90 76 93 67 96 71 61 67 63 94 83 50 62 88 53 80 
Step 171 : 10 10 12 12 13 13 14 14 15 16 17 18 19 21 22 24 24 24 25 25 26 27 28 28 31 33 36 38 39 39 39 40 41 42 42 44 44 44 44 45 46 46 48 48 48 48 48 48 48 49 63 49 67 76 70 54 52 73 59 50 98 95 96 80 91 88 70 80 82 72 85 96 66 98 91 98 70 85 78 60 74 95 49 75 90 76 93 67 96 71 61 67 63 94 83 50 62 88 53 80 
Step 172 : 10 10 12 12 13 13 14 14 15 16 17 18 19 21 22 24 24 24 25 25 26 27 28 28 31 33 36 38 39 39 39 40 41 42 42 44 44 44 44 45 46 46 48 48 48 48 48 48 48 49 63 49 67 76 70 54 52 73 59 50 70 95 96 80 91 88 98 80 82 72 85 96 66 98 91 98 70 85 78 60 74 95 49 75 90 76 93 67 96 71 61 67 63 94 83 50 62 88 53 80 
Step 173 : 10 10 12 12 13 13 14 14 15 16 17 18 19 21 22 24 24 24 25 25 26 27 28 28 31 33 36 38 39 39 39 40 41 42 42 44 44 44 44 45 46 46 48 48 48 48 48 48 48 49 63 49 67 76 70 54 52 73 59 50 70 72 96 80 91 88 98 80 82 95 85 96 66 98 91 98 70 85 78 60 74 95 49 75 90 76 93 67 96 71 61 67 63 94 83 50 62 88 53 80 
Step 174 : 10 10 12 12 13 13 14 14 15 16 17 18 19 21 22 24 24 24 25 25 26 27 28 28 31 33 36 38 39 39 39 40 41 42 42 44 44 44 44 45 46 46 48 48 48 48 48 48 48 49 63 49 67 76 70 54 52 73 59 50 70 72 66 80 91 88 98 80 82 95 85 96 96 98 91 98 70 85 78 60 74 95 49 75 90 76 93 67 96 71 61 67 63 94 83 50 62 88 53 80 
Step 175 : 10 10 12 12 13 13 14 14 15 16 17 18 19 21 22 24 24 24 25 25 26 27 28 28 31 33 36 38 39 39 39 40 41 42 42 44 44 44 44 45 46 46 48 48 48 48 48 48 48 49 63 49 67 76 70 54 52 73 59 50 70 72 66 70 91 88 98 80 82 95 85 96 96 98 91 98 80 85 78 60 74 95 49 75 90 76 93 67 96 71 61 67 63 94 83 50 62 88 53 80 
Step 176 : 10 10 12 12 13 13 14 14 15 16 17 18 19 21 22 24 24 24 25 25 26 27 28 28 31 33 36 38 39 39 39 40 41 42 42 44 44 44 44 45 46 46 48 48 48 48 48 48 48 49 63 49 67 76 70 54 52 73 59 50 70 72 66 70 78 88 98 80 82 95 85 96 96 98 91 98 80 85 91 60 74 95 49 75 90 76 93 67 96 71 61 67 63 94 83 50 62 88 53 80 
Step 177 : 10 10 12 12 13 13 14 14 15 16 17 18 19 21 22 24 24 24 25 25 26 27 28 28 31 33 36 38 39 39 39 40 41 42 42 44 44 44 44 45 46 46 48 48 48 48 48 48 48 49 63 49 67 76 70 54 52 73 59 50 70 72 66 70 78 60 98 80 82 95 85 96 96 98 91 98 80 85 91 88 74 95 49 75 90 76 93 67 96 71 61 67 63 94 83 50 62 88 53 80 
Step 178 : 10 10 12 12 13 13 14 14 15 16 17 18 19 21 22 24 24 24 25 25 26 27 28 28 31 33 36 38 39 39 39 40 41 42 42 44 44 44 44 45 46 46 48 48 48 48 48 48 48 49 63 49 67 76 70 54 52 73 59 50 70 72 66 70 78 60 74 80 82 95 85 96 96 98 91 98 80 85 91 88 98 95 49 75 90 76 93 67 96 71 61 67 63 94 83 50 62 88 53 80 
Step 179 : 10 10 12 12 13 13 14 14 15 16 17 18 19 21 22 24 24 24 25 25 26 27 28 28 31 33 36 38 39 39 39 40 41 42 42 44 44 44 44 45 46 46 48 48 48 48 48 48 48 49 63 49 67 76 70 54 52 73 59 50 70 72 66 70 78 60 74 49 82 95 85 96 96 98 91 98 80 85 91 88 98 95 80 75 90 76 93 67 96 71 61 67 63 94 83 50 62 88 53 80 
Step 180 : 10 10 12 12 13 13 14 14 15 16 17 18 19 21 22 24 24 24 25 25 26 27 28 28 31 33 36 38 39 39 39 40 41 42 42 44 44 44 44 45 46 46 48 48 48 48 48 48 48 49 63 49 67 76 70 54 52 73 59 50 70 72 66 70 78 60 74 49 75 95 85 96 96 98 91 98 80 85 91 88 98 95 80 82 90 76 93 67 96 71 61 67 63 94 83 50 62 88 53 80 
Step 181 : 10 10 12 12 13 13 14 14 15 16 17 18 19 21 22 24 24 24 25 25 26 27 28 28 31 33 36 38 39 39 39 40 41 42 42 44 44 44 44 45 46 46 48 48 48 48 48 48 48 49 63 49 67 76 70 54 52 73 59 50 70 72 66 70 78 60 74 49 75 76 85 96 96 98 91 98 80 85 91 88 98 95 80 82 90 95 93 67 96 71 61 67 63 94 83 50 62 88 53 80 
Step 182 : 10 10 12 12 13 13 14 14 15 16 17 18 19 21 22 24 24 24 25 25 26 27 28 28 31 33 36 38 39 39 39 40 41 42 42 44 44 44 44 45 46 46 48 48 48 48 48 48 48 49 63 49 67 76 70 54 52 73 59 50 70 72 66 70 78 60 74 49 75 76 67 96 96 98 91 98 80 85 91 88 98 95 80 82 90 95 93 85 96 71 61 67 63 94 83 50 62 88 53 80 
Step 183 : 10 10 12 12 13 13 14 14 15 16 17 18 19 21 22 24 24 24 25 25 26 27 28 28 31 33 36 38 39 39 39 40 41 42 42 44 44 44 44 45 46 46 48 48 48 48 48 48 48 49 63 49 67 76 70 54 52 73 59 50 70 72 66 70 78 60 74 49 75 76 67 71 96 98 91 98 80 85 91 88 98 95 80 82 90 95 93 85 96 96 61 67 63 94 83 50 62 88 53 80 
Step 184 : 10 10 12 12 13 13 14 14 15 16 17 18 19 21 22 24 24 24 25 25 26 27 28 28 31 33 36 38 39 39 39 40 41 42 42 44 44 44 44 45 46 46 48 48 48 48 48 48 48 49 63 49 67 76 70 54 52 73 59 50 70 72 66 70 78 60 74 49 75 76 67 71 61 98 91 98 80 85 91 88 98 95 80 82 90 95 93 85 96 96 96 67 63 94 83 50 62 88 53 80 
Step 185 : 10 10 12 12 13 13 14 14 15 16 17 18 19 21 22 24 24 24 25 25 26 27 28 28 31 33 36 38 39 39 39 40 41 42 42 44 44 44 44 45 46 46 48 48 48 48 48 48 48 49 63 49 67 76 70 54 52 73 59 50 70 72 66 70 78 60 74 49 75 76 67 71 61 67 91 98 80 85 91 88 98 95 80 82 90 95 93 85 96 96 96 98 63 94 83 50 62 88 53 80 
Step 186 : 10 10 12 12 13 13 14 14 15 16 17 18 19 21 22 24 24 24 25 25 26 27 28 28 31 33 36 38 39 39 39 40 41 42 42 44 44 44 44 45 46 46 48 48 48 48 48 48 48 49 63 49 67 76 70 54 52 73 59 50 70 72 66 70 78 60 74 49 75 76 67 71 61 67 63 98 80 85 91 88 98 95 80 82 90 95 93 85 96 96 96 98 91 94 83 50 62 88 53 80 
Step 187 : 10 10 12 12 13 13 14 14 15 16 17 18 19 21 22 24 24 24 25 25 26 27 28 28 31 33 36 38 39 39 39 40 41 42 42 44 44 44 44 45 46 46 48 48 48 48 48 48 48 49 63 49 67 76 70 54 52 73 59 50 70 72 66 70 78 60 74 49 75 76 67 71 61 67 63 50 80 85 91 88 98 95 80 82 90 95 93 85 96 96 96 98 91 94 83 98 62 88 53 80 
Step 188 : 10 10 12 12 13 13 14 14 15 16 17 18 19 21 22 24 24 24 25 25 26 27 28 28 31 33 36 38 39 39 39 40 41 42 42 44 44 44 44 45 46 46 48 48 48 48 48 48 48 49 63 49 67 76 70 54 52 73 59 50 70 72 66 70 78 60 74 49 75 76 67 71 61 67 63 50 62 85 91 88 98 95 80 82 90 95 93 85 96 96 96 98 91 94 83 98 80 88 53 80 
Step 189 : 10 10 12 12 13 13 14 14 15 16 17 18 19 21 22 24 24 24 25 25 26 27 28 28 31 33 36 38 39 39 39 40 41 42 42 44 44 44 44 45 46 46 48 48 48 48 48 48 48 49 63 49 67 76 70 54 52 73 59 50 70 72 66 70 78 60 74 49 75 76 67 71 61 67 63 50 62 53 91 88 98 95 80 82 90 95 93 85 96 96 96 98 91 94 83 98 80 88 85 80 
Step 190 : 10 10 12 12 13 13 14 14 15 16 17 18 19 21 22 24 24 24 25 25 26 27 28 28 31 33 36 38 39 39 39 40 41 42 42 44 44 44 44 45 46 46 48 48 48 48 48 48 48 49 63 49 67 76 70 54 52 73 59 50 70 72 66 70 78 60 74 49 75 76 67 71 61 67 63 50 62 53 80 88 98 95 80 82 90 95 93 85 96 96 96 98 91 94 83 98 80 88 85 91 
Step 191 : 10 10 12 12 13 13 14 14 15 16 17 18 19 21 22 24 24 24 25 25 26 27 28 28 31 33 36 38 39 39 39 40 41 42 42 44 44 44 44 45 46 46 48 48 48 48 48 48 48 49 49 63 67 76 70 54 52 73 59 50 70 72 66 70 78 60 74 49 75 76 67 71 61 67 63 50 62 53 80 88 98 95 80 82 90 95 93 85 96 96 96 98 91 94 83 98 80 88 85 91 
Step 192 : 10 10 12 12 13 13 14 14 15 16 17 18 19 21 22 24 24 24 25 25 26 27 28 28 31 33 36 38 39 39 39 40 41 42 42 44 44 44 44 45 46 46 48 48 48 48 48 48 48 49 49 52 67 76 70 54 63 73 59 50 70 72 66 70 78 60 74 49 75 76 67 71 61 67 63 50 62 53 80 88 98 95 80 82 90 95 93 85 96 96 96 98 91 94 83 98 80 88 85 91 
Step 193 : 10 10 12 12 13 13 14 14 15 16 17 18 19 21 22 24 24 24 25 25 26 27 28 28 31 33 36 38 39 39 39 40 41 42 42 44 44 44 44 45 46 46 48 48 48 48 48 48 48 49 49 52 50 76 70 54 63 73 59 67 70 72 66 70 78 60 74 49 75 76 67 71 61 67 63 50 62 53 80 88 98 95 80 82 90 95 93 85 96 96 96 98 91 94 83 98 80 88 85 91 
Step 194 : 10 10 12 12 13 13 14 14 15 16 17 18 19 21 22 24 24 24 25 25 26 27 28 28 31 33 36 38 39 39 39 40 41 42 42 44 44 44 44 45 46 46 48 48 48 48 48 48 48 49 49 52 50 49 70 54 63 73 59 67 70 72 66 70 78 60 74 76 75 76 67 71 61 67 63 50 62 53 80 88 98 95 80 82 90 95 93 85 96 96 96 98 91 94 83 98 80 88 85 91 
Step 195 : 10 10 12 12 13 13 14 14 15 16 17 18 19 21 22 24 24 24 25 25 26 27 28 28 31 33 36 38 39 39 39 40 41 42 42 44 44 44 44 45 46 46 48 48 48 48 48 48 48 49 49 52 50 49 50 54 63 73 59 67 70 72 66 70 78 60 74 76 75 76 67 71 61 67 63 70 62 53 80 88 98 95 80 82 90 95 93 85 96 96 96 98 91 94 83 98 80 88 85 91 
Step 196 : 10 10 12 12 13 13 14 14 15 16 17 18 19 21 22 24 24 24 25 25 26 27 28 28 31 33 36 38 39 39 39 40 41 42 42 44 44 44 44 45 46 46 48 48 48 48 48 48 48 49 49 52 50 49 50 53 63 73 59 67 70 72 66 70 78 60 74 76 75 76 67 71 61 67 63 70 62 54 80 88 98 95 80 82 90 95 93 85 96 96 96 98 91 94 83 98 80 88 85 91 
Step 197 : 10 10 12 12 13 13 14 14 15 16 17 18 19 21 22 24 24 24 25 25 26 27 28 28 31 33 36 38 39 39 39 40 41 42 42 44 44 44 44 45 46 46 48 48 48 48 48 48 48 49 49 52 50 49 50 53 63 73 59 67 70 72 66 70 78 60 74 76 75 76 67 71 61 67 63 70 62 54 80 88 98 95 80 82 90 95 93 85 96 96 96 98 91 94 83 98 80 88 85 91 
Step 198 : 10 10 12 12 13 13 14 14 15 16 17 18 19 21 22 24 24 24 25 25 26 27 28 28 31 33 36 38 39 39 39 40 41 42 42 44 44 44 44 45 46 46 48 48 48 48 48 48 48 49 49 49 50 52 50 53 63 73 59 67 70 72 66 70 78 60 74 76 75 76 67 71 61 67 63 70 62 54 80 88 98 95 80 82 90 95 93 85 96 96 96 98 91 94 83 98 80 88 85 91 
Step 199 : 10 10 12 12 13 13 14 14 15 16 17 18 19 21 22 24 24 24 25 25 26 27 28 28 31 33 36 38 39 39 39 40 41 42 42 44 44 44 44 45 46 46 48 48 48 48 48 48 48 49 49 49 50 52 50 53 63 73 59 67 70 72 66 70 78 60 74 76 75 76 67 71 61 67 63 70 62 54 80 88 98 95 80 82 90 95 93 85 96 96 96 98 91 94 83 98 80 88 85 91 
Step 200 : 10 10 12 12 13 13 14 14 15 16 17 18 19 21 22 24 24 24 25 25 26 27 28 28 31 33 36 38 39 39 39 40 41 42 42 44 44 44 44 45 46 46 48 48 48 48 48 48 48 49 49 49 50 52 50 53 63 73 59 67 70 72 66 70 78 60 74 76 75 76 67 71 61 67 63 70 62 54 80 88 98 95 80 82 90 95 93 85 96 96 96 98 91 94 83 98 80 88 85 91 
Step 201 : 10 10 12 12 13 13 14 14 15 16 17 18 19 21 22 24 24 24 25 25 26 27 28 28 31 33 36 38 39 39 39 40 41 42 42 44 44 44 44 45 46 46 48 48 48 48 48 48 48 49 49 49 50 50 52 53 63 73 59 67 70 72 66 70 78 60 74 76 75 76 67 71 61 67 63 70 62 54 80 88 98 95 80 82 90 95 93 85 96 96 96 98 91 94 83 98 80 88 85 91 
Step 202 : 10 10 12 12 13 13 14 14 15 16 17 18 19 21 22 24 24 24 25 25 26 27 28 28 31 33 36 38 39 39 39 40 41 42 42 44 44 44 44 45 46 46 48 48 48 48 48 48 48 49 49 49 50 50 52 53 54 73 59 67 70 72 66 70 78 60 74 76 75 76 67 71 61 67 63 70 62 63 80 88 98 95 80 82 90 95 93 85 96 96 96 98 91 94 83 98 80 88 85 91 
Step 203 : 10 10 12 12 13 13 14 14 15 16 17 18 19 21 22 24 24 24 25 25 26 27 28 28 31 33 36 38 39 39 39 40 41 42 42 44 44 44 44 45 46 46 48 48 48 48 48 48 48 49 49 49 50 50 52 53 54 59 73 67 70 72 66 70 78 60 74 76 75 76 67 71 61 67 63 70 62 63 80 88 98 95 80 82 90 95 93 85 96 96 96 98 91 94 83 98 80 88 85 91 
Step 204 : 10 10 12 12 13 13 14 14 15 16 17 18 19 21 22 24 24 24 25 25 26 27 28 28 31 33 36 38 39 39 39 40 41 42 42 44 44 44 44 45 46 46 48 48 48 48 48 48 48 49 49 49 50 50 52 53 54 59 60 67 70 72 66 70 78 73 74 76 75 76 67 71 61 67 63 70 62 63 80 88 98 95 80 82 90 95 93 85 96 96 96 98 91 94 83 98 80 88 85 91 
Step 205 : 10 10 12 12 13 13 14 14 15 16 17 18 19 21 22 24 24 24 25 25 26 27 28 28 31 33 36 38 39 39 39 40 41 42 42 44 44 44 44 45 46 46 48 48 48 48 48 48 48 49 49 49 50 50 52 53 54 59 60 61 70 72 66 70 78 73 74 76 75 76 67 71 67 67 63 70 62 63 80 88 98 95 80 82 90 95 93 85 96 96 96 98 91 94 83 98 80 88 85 91 
Step 206 : 10 10 12 12 13 13 14 14 15 16 17 18 19 21 22 24 24 24 25 25 26 27 28 28 31 33 36 38 39 39 39 40 41 42 42 44 44 44 44 45 46 46 48 48 48 48 48 48 48 49 49 49 50 50 52 53 54 59 60 61 62 72 66 70 78 73 74 76 75 76 67 71 67 67 63 70 70 63 80 88 98 95 80 82 90 95 93 85 96 96 96 98 91 94 83 98 80 88 85 91 
Step 207 : 10 10 12 12 13 13 14 14 15 16 17 18 19 21 22 24 24 24 25 25 26 27 28 28 31 33 36 38 39 39 39 40 41 42 42 44 44 44 44 45 46 46 48 48 48 48 48 48 48 49 49 49 50 50 52 53 54 59 60 61 62 63 66 70 78 73 74 76 75 76 67 71 67 67 63 70 70 72 80 88 98 95 80 82 90 95 93 85 96 96 96 98 91 94 83 98 80 88 85 91 
Step 208 : 10 10 12 12 13 13 14 14 15 16 17 18 19 21 22 24 24 24 25 25 26 27 28 28 31 33 36 38 39 39 39 40 41 42 42 44 44 44 44 45 46 46 48 48 48 48 48 48 48 49 49 49 50 50 52 53 54 59 60 61 62 63 66 70 78 73 74 76 75 76 67 71 67 67 63 70 70 72 80 88 98 95 80 82 90 95 93 85 96 96 96 98 91 94 83 98 80 88 85 91 
Step 209 : 10 10 12 12 13 13 14 14 15 16 17 18 19 21 22 24 24 24 25 25 26 27 28 28 31 33 36 38 39 39 39 40 41 42 42 44 44 44 44 45 46 46 48 48 48 48 48 48 48 49 49 49 50 50 52 53 54 59 60 61 62 63 66 70 78 73 74 76 75 76 67 71 67 67 63 70 70 72 80 88 98 95 80 82 90 95 93 85 96 96 96 98 91 94 83 98 80 88 85 91 
Step 210 : 10 10 12 12 13 13 14 14 15 16 17 18 19 21 22 24 24 24 25 25 26 27 28 28 31 33 36 38 39 39 39 40 41 42 42 44 44 44 44 45 46 46 48 48 48 48 48 48 48 49 49 49 50 50 52 53 54 59 60 61 62 63 66 70 78 73 74 76 75 76 67 71 67 67 63 70 70 72 80 88 98 95 80 82 90 95 93 85 96 96 96 98 91 94 83 98 80 88 85 91 
Step 211 : 10 10 12 12 13 13 14 14 15 16 17 18 19 21 22 24 24 24 25 25 26 27 28 28 31 33 36 38 39 39 39 40 41 42 42 44 44 44 44 45 46 46 48 48 48 48 48 48 48 49 49 49 50 50 52 53 54 59 60 61 62 63 66 70 78 73 74 76 75 76 67 71 67 67 63 70 70 72 80 88 98 95 80 82 90 95 93 85 96 96 96 98 91 94 83 98 80 88 85 91 
Step 212 : 10 10 12 12 13 13 14 14 15 16 17 18 19 21 22 24 24 24 25 25 26 27 28 28 31 33 36 38 39 39 39 40 41 42 42 44 44 44 44 45 46 46 48 48 48 48 48 48 48 49 49 49 50 50 52 53 54 59 60 61 62 63 66 70 78 73 74 76 75 76 67 71 67 67 63 70 70 72 80 88 98 95 80 82 90 95 93 85 96 96 96 98 91 94 83 98 80 88 85 91 
Step 213 : 10 10 12 12 13 13 14 14 15 16 17 18 19 21 22 24 24 24 25 25 26 27 28 28 31 33 36 38 39 39 39 40 41 42 42 44 44 44 44 45 46 46 48 48 48 48 48 48 48 49 49 49 50 50 52 53 54 59 60 61 62 63 66 70 78 73 74 76 75 76 67 71 67 67 63 70 70 72 80 88 98 95 80 82 90 95 93 85 96 96 96 98 91 94 83 98 80 88 85 91 
Step 214 : 10 10 12 12 13 13 14 14 15 16 17 18 19 21 22 24 24 24 25 25 26 27 28 28 31 33 36 38 39 39 39 40 41 42 42 44 44 44 44 45 46 46 48 48 48 48 48 48 48 49 49 49 50 50 52 53 54 59 60 61 62 63 66 70 78 73 74 76 75 76 67 71 67 67 63 70 70 72 80 88 98 95 80 82 90 95 93 85 96 96 96 98 91 94 83 98 80 88 85 91 
Step 215 : 10 10 12 12 13 13 14 14 15 16 17 18 19 21 22 24 24 24 25 25 26 27 28 28 31 33 36 38 39 39 39 40 41 42 42 44 44 44 44 45 46 46 48 48 48 48 48 48 48 49 49 49 50 50 52 53 54 59 60 61 62 63 66 70 78 73 74 76 75 76 67 71 67 67 63 70 70 72 80 88 98 95 80 82 90 95 93 85 96 96 96 98 91 94 83 98 80 88 85 91 
Step 216 : 10 10 12 12 13 13 14 14 15 16 17 18 19 21 22 24 24 24 25 25 26 27 28 28 31 33 36 38 39 39 39 40 41 42 42 44 44 44 44 45 46 46 48 48 48 48 48 48 48 49 49 49 50 50 52 53 54 59 60 61 62 63 66 70 78 73 74 76 75 76 67 71 67 67 63 70 70 72 80 88 98 95 80 82 90 95 93 85 96 96 96 98 91 94 83 98 80 88 85 91 
Step 217 : 10 10 12 12 13 13 14 14 15 16 17 18 19 21 22 24 24 24 25 25 26 27 28 28 31 33 36 38 39 39 39 40 41 42 42 44 44 44 44 45 46 46 48 48 48 48 48 48 48 49 49 49 50 50 52 53 54 59 60 61 62 63 66 70 78 73 74 76 75 76 67 71 67 67 63 70 70 72 80 88 98 95 80 82 90 95 93 85 96 96 96 98 91 94 83 98 80 88 85 91 
Step 218 : 10 10 12 12 13 13 14 14 15 16 17 18 19 21 22 24 24 24 25 25 26 27 28 28 31 33 36 38 39 39 39 40 41 42 42 44 44 44 44 45 46 46 48 48 48 48 48 48 48 49 49 49 50 50 52 53 54 59 60 61 62 63 66 70 78 73 74 76 75 76 67 71 67 67 63 70 70 72 80 88 98 95 80 82 90 95 93 85 96 96 96 98 91 94 83 98 80 88 85 91 
Step 219 : 10 10 12 12 13 13 14 14 15 16 17 18 19 21 22 24 24 24 25 25 26 27 28 28 31 33 36 38 39 39 39 40 41 42 42 44 44 44 44 45 46 46 48 48 48 48 48 48 48 49 49 49 50 50 52 53 54 59 60 61 62 63 66 70 67 73 74 76 75 76 78 71 67 67 63 70 70 72 80 88 98 95 80 82 90 95 93 85 96 96 96 98 91 94 83 98 80 88 85 91 
Step 220 : 10 10 12 12 13 13 14 14 15 16 17 18 19 21 22 24 24 24 25 25 26 27 28 28 31 33 36 38 39 39 39 40 41 42 42 44 44 44 44 45 46 46 48 48 48 48 48 48 48 49 49 49 50 50 52 53 54 59 60 61 62 63 66 70 67 71 74 76 75 76 78 73 67 67 63 70 70 72 80 88 98 95 80 82 90 95 93 85 96 96 96 98 91 94 83 98 80 88 85 91 
Step 221 : 10 10 12 12 13 13 14 14 15 16 17 18 19 21 22 24 24 24 25 25 26 27 28 28 31 33 36 38 39 39 39 40 41 42 42 44 44 44 44 45 46 46 48 48 48 48 48 48 48 49 49 49 50 50 52 53 54 59 60 61 62 63 66 70 67 71 67 76 75 76 78 73 74 67 63 70 70 72 80 88 98 95 80 82 90 95 93 85 96 96 96 98 91 94 83 98 80 88 85 91 
Step 222 : 10 10 12 12 13 13 14 14 15 16 17 18 19 21 22 24 24 24 25 25 26 27 28 28 31 33 36 38 39 39 39 40 41 42 42 44 44 44 44 45 46 46 48 48 48 48 48 48 48 49 49 49 50 50 52 53 54 59 60 61 62 63 66 70 67 71 67 67 75 76 78 73 74 76 63 70 70 72 80 88 98 95 80 82 90 95 93 85 96 96 96 98 91 94 83 98 80 88 85 91 
Step 223 : 10 10 12 12 13 13 14 14 15 16 17 18 19 21 22 24 24 24 25 25 26 27 28 28 31 33 36 38 39 39 39 40 41 42 42 44 44 44 44 45 46 46 48 48 48 48 48 48 48 49 49 49 50 50 52 53 54 59 60 61 62 63 66 70 67 71 67 67 63 76 78 73 74 76 75 70 70 72 80 88 98 95 80 82 90 95 93 85 96 96 96 98 91 94 83 98 80 88 85 91 
Step 224 : 10 10 12 12 13 13 14 14 15 16 17 18 19 21 22 24 24 24 25 25 26 27 28 28 31 33 36 38 39 39 39 40 41 42 42 44 44 44 44 45 46 46 48 48 48 48 48 48 48 49 49 49 50 50 52 53 54 59 60 61 62 63 66 70 67 71 67 67 63 70 78 73 74 76 75 76 70 72 80 88 98 95 80 82 90 95 93 85 96 96 96 98 91 94 83 98 80 88 85 91 
Step 225 : 10 10 12 12 13 13 14 14 15 16 17 18 19 21 22 24 24 24 25 25 26 27 28 28 31 33 36 38 39 39 39 40 41 42 42 44 44 44 44 45 46 46 48 48 48 48 48 48 48 49 49 49 50 50 52 53 54 59 60 61 62 63 66 70 67 71 67 67 63 70 70 73 74 76 75 76 78 72 80 88 98 95 80 82 90 95 93 85 96 96 96 98 91 94 83 98 80 88 85 91 
Step 226 : 10 10 12 12 13 13 14 14 15 16 17 18 19 21 22 24 24 24 25 25 26 27 28 28 31 33 36 38 39 39 39 40 41 42 42 44 44 44 44 45 46 46 48 48 48 48 48 48 48 49 49 49 50 50 52 53 54 59 60 61 62 63 66 70 67 71 67 67 63 70 70 72 74 76 75 76 78 73 80 88 98 95 80 82 90 95 93 85 96 96 96 98 91 94 83 98 80 88 85 91 
Step 227 : 10 10 12 12 13 13 14 14 15 16 17 18 19 21 22 24 24 24 25 25 26 27 28 28 31 33 36 38 39 39 39 40 41 42 42 44 44 44 44 45 46 46 48 48 48 48 48 48 48 49 49 49 50 50 52 53 54 59 60 61 62 63 66 70 67 71 67 67 63 70 70 72 74 76 75 76 78 73 80 88 98 95 80 82 90 95 93 85 96 96 96 98 91 94 83 98 80 88 85 91 
Step 228 : 10 10 12 12 13 13 14 14 15 16 17 18 19 21 22 24 24 24 25 25 26 27 28 28 31 33 36 38 39 39 39 40 41 42 42 44 44 44 44 45 46 46 48 48 48 48 48 48 48 49 49 49 50 50 52 53 54 59 60 61 62 63 66 67 70 71 67 67 63 70 70 72 74 76 75 76 78 73 80 88 98 95 80 82 90 95 93 85 96 96 96 98 91 94 83 98 80 88 85 91 
Step 229 : 10 10 12 12 13 13 14 14 15 16 17 18 19 21 22 24 24 24 25 25 26 27 28 28 31 33 36 38 39 39 39 40 41 42 42 44 44 44 44 45 46 46 48 48 48 48 48 48 48 49 49 49 50 50 52 53 54 59 60 61 62 63 66 67 67 71 70 67 63 70 70 72 74 76 75 76 78 73 80 88 98 95 80 82 90 95 93 85 96 96 96 98 91 94 83 98 80 88 85 91 
Step 230 : 10 10 12 12 13 13 14 14 15 16 17 18 19 21 22 24 24 24 25 25 26 27 28 28 31 33 36 38 39 39 39 40 41 42 42 44 44 44 44 45 46 46 48 48 48 48 48 48 48 49 49 49 50 50 52 53 54 59 60 61 62 63 66 67 67 67 70 71 63 70 70 72 74 76 75 76 78 73 80 88 98 95 80 82 90 95 93 85 96 96 96 98 91 94 83 98 80 88 85 91 
Step 231 : 10 10 12 12 13 13 14 14 15 16 17 18 19 21 22 24 24 24 25 25 26 27 28 28 31 33 36 38 39 39 39 40 41 42 42 44 44 44 44 45 46 46 48 48 48 48 48 48 48 49 49 49 50 50 52 53 54 59 60 61 62 63 66 67 67 67 63 71 70 70 70 72 74 76 75 76 78 73 80 88 98 95 80 82 90 95 93 85 96 96 96 98 91 94 83 98 80 88 85 91 
Step 232 : 10 10 12 12 13 13 14 14 15 16 17 18 19 21 22 24 24 24 25 25 26 27 28 28 31 33 36 38 39 39 39 40 41 42 42 44 44 44 44 45 46 46 48 48 48 48 48 48 48 49 49 49 50 50 52 53 54 59 60 61 62 63 66 67 67 67 63 70 70 70 71 72 74 76 75 76 78 73 80 88 98 95 80 82 90 95 93 85 96 96 96 98 91 94 83 98 80 88 85 91 
Step 233 : 10 10 12 12 13 13 14 14 15 16 17 18 19 21 22 24 24 24 25 25 26 27 28 28 31 33 36 38 39 39 39 40 41 42 42 44 44 44 44 45 46 46 48 48 48 48 48 48 48 49 49 49 50 50 52 53 54 59 60 61 62 63 63 67 67 67 66 70 70 70 71 72 74 76 75 76 78 73 80 88 98 95 80 82 90 95 93 85 96 96 96 98 91 94 83 98 80 88 85 91 
Step 234 : 10 10 12 12 13 13 14 14 15 16 17 18 19 21 22 24 24 24 25 25 26 27 28 28 31 33 36 38 39 39 39 40 41 42 42 44 44 44 44 45 46 46 48 48 48 48 48 48 48 49 49 49 50 50 52 53 54 59 60 61 62 63 63 66 67 67 67 70 70 70 71 72 74 76 75 76 78 73 80 88 98 95 80 82 90 95 93 85 96 96 96 98 91 94 83 98 80 88 85 91 
Step 235 : 10 10 12 12 13 13 14 14 15 16 17 18 19 21 22 24 24 24 25 25 26 27 28 28 31 33 36 38 39 39 39 40 41 42 42 44 44 44 44 45 46 46 48 48 48 48 48 48 48 49 49 49 50 50 52 53 54 59 60 61 62 63 63 66 67 67 67 70 70 70 71 72 74 76 75 76 78 73 80 88 98 95 80 82 90 95 93 85 96 96 96 98 91 94 83 98 80 88 85 91 
Step 236 : 10 10 12 12 13 13 14 14 15 16 17 18 19 21 22 24 24 24 25 25 26 27 28 28 31 33 36 38 39 39 39 40 41 42 42 44 44 44 44 45 46 46 48 48 48 48 48 48 48 49 49 49 50 50 52 53 54 59 60 61 62 63 63 66 67 67 67 70 70 70 71 72 74 76 75 76 78 73 80 88 98 95 80 82 90 95 93 85 96 96 96 98 91 94 83 98 80 88 85 91 
Step 237 : 10 10 12 12 13 13 14 14 15 16 17 18 19 21 22 24 24 24 25 25 26 27 28 28 31 33 36 38 39 39 39 40 41 42 42 44 44 44 44 45 46 46 48 48 48 48 48 48 48 49 49 49 50 50 52 53 54 59 60 61 62 63 63 66 67 67 67 70 70 70 71 72 74 76 75 76 78 73 80 88 98 95 80 82 90 95 93 85 96 96 96 98 91 94 83 98 80 88 85 91 
Step 238 : 10 10 12 12 13 13 14 14 15 16 17 18 19 21 22 24 24 24 25 25 26 27 28 28 31 33 36 38 39 39 39 40 41 42 42 44 44 44 44 45 46 46 48 48 48 48 48 48 48 49 49 49 50 50 52 53 54 59 60 61 62 63 63 66 67 67 67 70 70 70 71 72 74 76 75 76 78 73 80 88 98 95 80 82 90 95 93 85 96 96 96 98 91 94 83 98 80 88 85 91 
Step 239 : 10 10 12 12 13 13 14 14 15 16 17 18 19 21 22 24 24 24 25 25 26 27 28 28 31 33 36 38 39 39 39 40 41 42 42 44 44 44 44 45 46 46 48 48 48 48 48 48 48 49 49 49 50 50 52 53 54 59 60 61 62 63 63 66 67 67 67 70 70 70 71 72 74 76 75 76 78 73 80 88 98 95 80 82 90 95 93 85 96 96 96 98 91 94 83 98 80 88 85 91 
Step 240 : 10 10 12 12 13 13 14 14 15 16 17 18 19 21 22 24 24 24 25 25 26 27 28 28 31 33 36 38 39 39 39 40 41 42 42 44 44 44 44 45 46 46 48 48 48 48 48 48 48 49 49 49 50 50 52 53 54 59 60 61 62 63 63 66 67 67 67 70 70 70 71 72 74 76 75 76 78 73 80 88 98 95 80 82 90 95 93 85 96 96 96 98 91 94 83 98 80 88 85 91 
Step 241 : 10 10 12 12 13 13 14 14 15 16 17 18 19 21 22 24 24 24 25 25 26 27 28 28 31 33 36 38 39 39 39 40 41 42 42 44 44 44 44 45 46 46 48 48 48 48 48 48 48 49 49 49 50 50 52 53 54 59 60 61 62 63 63 66 67 67 67 70 70 70 71 72 73 76 75 76 78 74 80 88 98 95 80 82 90 95 93 85 96 96 96 98 91 94 83 98 80 88 85 91 
Step 242 : 10 10 12 12 13 13 14 14 15 16 17 18 19 21 22 24 24 24 25 25 26 27 28 28 31 33 36 38 39 39 39 40 41 42 42 44 44 44 44 45 46 46 48 48 48 48 48 48 48 49 49 49 50 50 52 53 54 59 60 61 62 63 63 66 67 67 67 70 70 70 71 72 73 74 75 76 78 76 80 88 98 95 80 82 90 95 93 85 96 96 96 98 91 94 83 98 80 88 85 91 
Step 243 : 10 10 12 12 13 13 14 14 15 16 17 18 19 21 22 24 24 24 25 25 26 27 28 28 31 33 36 38 39 39 39 40 41 42 42 44 44 44 44 45 46 46 48 48 48 48 48 48 48 49 49 49 50 50 52 53 54 59 60 61 62 63 63 66 67 67 67 70 70 70 71 72 73 74 75 76 78 76 80 88 98 95 80 82 90 95 93 85 96 96 96 98 91 94 83 98 80 88 85 91 
Step 244 : 10 10 12 12 13 13 14 14 15 16 17 18 19 21 22 24 24 24 25 25 26 27 28 28 31 33 36 38 39 39 39 40 41 42 42 44 44 44 44 45 46 46 48 48 48 48 48 48 48 49 49 49 50 50 52 53 54 59 60 61 62 63 63 66 67 67 67 70 70 70 71 72 73 74 75 76 78 76 80 88 98 95 80 82 90 95 93 85 96 96 96 98 91 94 83 98 80 88 85 91 
Step 245 : 10 10 12 12 13 13 14 14 15 16 17 18 19 21 22 24 24 24 25 25 26 27 28 28 31 33 36 38 39 39 39 40 41 42 42 44 44 44 44 45 46 46 48 48 48 48 48 48 48 49 49 49 50 50 52 53 54 59 60 61 62 63 63 66 67 67 67 70 70 70 71 72 73 74 75 76 76 78 80 88 98 95 80 82 90 95 93 85 96 96 96 98 91 94 83 98 80 88 85 91 
Step 246 : 10 10 12 12 13 13 14 14 15 16 17 18 19 21 22 24 24 24 25 25 26 27 28 28 31 33 36 38 39 39 39 40 41 42 42 44 44 44 44 45 46 46 48 48 48 48 48 48 48 49 49 49 50 50 52 53 54 59 60 61 62 63 63 66 67 67 67 70 70 70 71 72 73 74 75 76 76 78 80 88 98 95 80 82 90 95 93 85 96 96 96 98 91 94 83 98 80 88 85 91 
Step 247 : 10 10 12 12 13 13 14 14 15 16 17 18 19 21 22 24 24 24 25 25 26 27 28 28 31 33 36 38 39 39 39 40 41 42 42 44 44 44 44 45 46 46 48 48 48 48 48 48 48 49 49 49 50 50 52 53 54 59 60 61 62 63 63 66 67 67 67 70 70 70 71 72 73 74 75 76 76 78 80 88 80 95 98 82 90 95 93 85 96 96 96 98 91 94 83 98 80 88 85 91 
Step 248 : 10 10 12 12 13 13 14 14 15 16 17 18 19 21 22 24 24 24 25 25 26 27 28 28 31 33 36 38 39 39 39 40 41 42 42 44 44 44 44 45 46 46 48 48 48 48 48 48 48 49 49 49 50 50 52 53 54 59 60 61 62 63 63 66 67 67 67 70 70 70 71 72 73 74 75 76 76 78 80 88 80 82 98 95 90 95 93 85 96 96 96 98 91 94 83 98 80 88 85 91 
Step 249 : 10 10 12 12 13 13 14 14 15 16 17 18 19 21 22 24 24 24 25 25 26 27 28 28 31 33 36 38 39 39 39 40 41 42 42 44 44 44 44 45 46 46 48 48 48 48 48 48 48 49 49 49 50 50 52 53 54 59 60 61 62 63 63 66 67 67 67 70 70 70 71 72 73 74 75 76 76 78 80 88 80 82 90 95 98 95 93 85 96 96 96 98 91 94 83 98 80 88 85 91 
Step 250 : 10 10 12 12 13 13 14 14 15 16 17 18 19 21 22 24 24 24 25 25 26 27 28 28 31 33 36 38 39 39 39 40 41 42 42 44 44 44 44 45 46 46 48 48 48 48 48 48 48 49 49 49 50 50 52 53 54 59 60 61 62 63 63 66 67 67 67 70 70 70 71 72 73 74 75 76 76 78 80 88 80 82 90 85 98 95 93 95 96 96 96 98 91 94 83 98 80 88 85 91 
Step 251 : 10 10 12 12 13 13 14 14 15 16 17 18 19 21 22 24 24 24 25 25 26 27 28 28 31 33 36 38 39 39 39 40 41 42 42 44 44 44 44 45 46 46 48 48 48 48 48 48 48 49 49 49 50 50 52 53 54 59 60 61 62 63 63 66 67 67 67 70 70 70 71 72 73 74 75 76 76 78 80 88 80 82 90 85 83 95 93 95 96 96 96 98 91 94 98 98 80 88 85 91 
Step 252 : 10 10 12 12 13 13 14 14 15 16 17 18 19 21 22 24 24 24 25 25 26 27 28 28 31 33 36 38 39 39 39 40 41 42 42 44 44 44 44 45 46 46 48 48 48 48 48 48 48 49 49 49 50 50 52 53 54 59 60 61 62 63 63 66 67 67 67 70 70 70 71 72 73 74 75 76 76 78 80 88 80 82 90 85 83 80 93 95 96 96 96 98 91 94 98 98 95 88 85 91 
Step 253 : 10 10 12 12 13 13 14 14 15 16 17 18 19 21 22 24 24 24 25 25 26 27 28 28 31 33 36 38 39 39 39 40 41 42 42 44 44 44 44 45 46 46 48 48 48 48 48 48 48 49 49 49 50 50 52 53 54 59 60 61 62 63 63 66 67 67 67 70 70 70 71 72 73 74 75 76 76 78 80 88 80 82 90 85 83 80 88 95 96 96 96 98 91 94 98 98 95 93 85 91 
Step 254 : 10 10 12 12 13 13 14 14 15 16 17 18 19 21 22 24 24 24 25 25 26 27 28 28 31 33 36 38 39 39 39 40 41 42 42 44 44 44 44 45 46 46 48 48 48 48 48 48 48 49 49 49 50 50 52 53 54 59 60 61 62 63 63 66 67 67 67 70 70 70 71 72 73 74 75 76 76 78 80 88 80 82 90 85 83 80 88 85 96 96 96 98 91 94 98 98 95 93 95 91 
Step 255 : 10 10 12 12 13 13 14 14 15 16 17 18 19 21 22 24 24 24 25 25 26 27 28 28 31 33 36 38 39 39 39 40 41 42 42 44 44 44 44 45 46 46 48 48 48 48 48 48 48 49 49 49 50 50 52 53 54 59 60 61 62 63 63 66 67 67 67 70 70 70 71 72 73 74 75 76 76 78 80 88 80 82 90 85 83 80 88 85 91 96 96 98 91 94 98 98 95 93 95 96 
Step 256 : 10 10 12 12 13 13 14 14 15 16 17 18 19 21 22 24 24 24 25 25 26 27 28 28 31 33 36 38 39 39 39 40 41 42 42 44 44 44 44 45 46 46 48 48 48 48 48 48 48 49 49 49 50 50 52 53 54 59 60 61 62 63 63 66 67 67 67 70 70 70 71 72 73 74 75 76 76 78 80 80 88 82 90 85 83 80 88 85 91 96 96 98 91 94 98 98 95 93 95 96 
Step 257 : 10 10 12 12 13 13 14 14 15 16 17 18 19 21 22 24 24 24 25 25 26 27 28 28 31 33 36 38 39 39 39 40 41 42 42 44 44 44 44 45 46 46 48 48 48 48 48 48 48 49 49 49 50 50 52 53 54 59 60 61 62 63 63 66 67 67 67 70 70 70 71 72 73 74 75 76 76 78 80 80 82 88 90 85 83 80 88 85 91 96 96 98 91 94 98 98 95 93 95 96 
Step 258 : 10 10 12 12 13 13 14 14 15 16 17 18 19 21 22 24 24 24 25 25 26 27 28 28 31 33 36 38 39 39 39 40 41 42 42 44 44 44 44 45 46 46 48 48 48 48 48 48 48 49 49 49 50 50 52 53 54 59 60 61 62 63 63 66 67 67 67 70 70 70 71 72 73 74 75 76 76 78 80 80 82 83 90 85 88 80 88 85 91 96 96 98 91 94 98 98 95 93 95 96 
Step 259 : 10 10 12 12 13 13 14 14 15 16 17 18 19 21 22 24 24 24 25 25 26 27 28 28 31 33 36 38 39 39 39 40 41 42 42 44 44 44 44 45 46 46 48 48 48 48 48 48 48 49 49 49 50 50 52 53 54 59 60 61 62 63 63 66 67 67 67 70 70 70 71 72 73 74 75 76 76 78 80 80 82 83 80 85 88 90 88 85 91 96 96 98 91 94 98 98 95 93 95 96 
Step 260 : 10 10 12 12 13 13 14 14 15 16 17 18 19 21 22 24 24 24 25 25 26 27 28 28 31 33 36 38 39 39 39 40 41 42 42 44 44 44 44 45 46 46 48 48 48 48 48 48 48 49 49 49 50 50 52 53 54 59 60 61 62 63 63 66 67 67 67 70 70 70 71 72 73 74 75 76 76 78 80 80 82 83 80 85 88 90 88 85 91 96 96 98 91 94 98 98 95 93 95 96 
Step 261 : 10 10 12 12 13 13 14 14 15 16 17 18 19 21 22 24 24 24 25 25 26 27 28 28 31 33 36 38 39 39 39 40 41 42 42 44 44 44 44 45 46 46 48 48 48 48 48 48 48 49 49 49 50 50 52 53 54 59 60 61 62 63 63 66 67 67 67 70 70 70 71 72 73 74 75 76 76 78 80 80 82 83 80 85 88 90 88 85 91 96 96 98 91 94 98 98 95 93 95 96 
Step 262 : 10 10 12 12 13 13 14 14 15 16 17 18 19 21 22 24 24 24 25 25 26 27 28 28 31 33 36 38 39 39 39 40 41 42 42 44 44 44 44 45 46 46 48 48 48 48 48 48 48 49 49 49 50 50 52 53 54 59 60 61 62 63 63 66 67 67 67 70 70 70 71 72 73 74 75 76 76 78 80 80 80 83 82 85 88 90 88 85 91 96 96 98 91 94 98 98 95 93 95 96 
Step 263 : 10 10 12 12 13 13 14 14 15 16 17 18 19 21 22 24 24 24 25 25 26 27 28 28 31 33 36 38 39 39 39 40 41 42 42 44 44 44 44 45 46 46 48 48 48 48 48 48 48 49 49 49 50 50 52 53 54 59 60 61 62 63 63 66 67 67 67 70 70 70 71 72 73 74 75 76 76 78 80 80 80 82 83 85 88 90 88 85 91 96 96 98 91 94 98 98 95 93 95 96 
Step 264 : 10 10 12 12 13 13 14 14 15 16 17 18 19 21 22 24 24 24 25 25 26 27 28 28 31 33 36 38 39 39 39 40 41 42 42 44 44 44 44 45 46 46 48 48 48 48 48 48 48 49 49 49 50 50 52 53 54 59 60 61 62 63 63 66 67 67 67 70 70 70 71 72 73 74 75 76 76 78 80 80 80 82 83 85 85 90 88 88 91 96 96 98 91 94 98 98 95 93 95 96 
Step 265 : 10 10 12 12 13 13 14 14 15 16 17 18 19 21 22 24 24 24 25 25 26 27 28 28 31 33 36 38 39 39 39 40 41 42 42 44 44 44 44 45 46 46 48 48 48 48 48 48 48 49 49 49 50 50 52 53 54 59 60 61 62 63 63 66 67 67 67 70 70 70 71 72 73 74 75 76 76 78 80 80 80 82 83 85 85 88 88 90 91 96 96 98 91 94 98 98 95 93 95 96 
Step 266 : 10 10 12 12 13 13 14 14 15 16 17 18 19 21 22 24 24 24 25 25 26 27 28 28 31 33 36 38 39 39 39 40 41 42 42 44 44 44 44 45 46 46 48 48 48 48 48 48 48 49 49 49 50 50 52 53 54 59 60 61 62 63 63 66 67 67 67 70 70 70 71 72 73 74 75 76 76 78 80 80 80 82 83 85 85 88 88 90 91 96 96 98 91 94 98 98 95 93 95 96 
Step 267 : 10 10 12 12 13 13 14 14 15 16 17 18 19 21 22 24 24 24 25 25 26 27 28 28 31 33 36 38 39 39 39 40 41 42 42 44 44 44 44 45 46 46 48 48 48 48 48 48 48 49 49 49 50 50 52 53 54 59 60 61 62 63 63 66 67 67 67 70 70 70 71 72 73 74 75 76 76 78 80 80 80 82 83 85 85 88 88 90 91 96 96 98 91 94 98 98 95 93 95 96 
Step 268 : 10 10 12 12 13 13 14 14 15 16 17 18 19 21 22 24 24 24 25 25 26 27 28 28 31 33 36 38 39 39 39 40 41 42 42 44 44 44 44 45 46 46 48 48 48 48 48 48 48 49 49 49 50 50 52 53 54 59 60 61 62 63 63 66 67 67 67 70 70 70 71 72 73 74 75 76 76 78 80 80 80 82 83 85 85 88 88 90 91 91 96 98 96 94 98 98 95 93 95 96 
Step 269 : 10 10 12 12 13 13 14 14 15 16 17 18 19 21 22 24 24 24 25 25 26 27 28 28 31 33 36 38 39 39 39 40 41 42 42 44 44 44 44 45 46 46 48 48 48 48 48 48 48 49 49 49 50 50 52 53 54 59 60 61 62 63 63 66 67 67 67 70 70 70 71 72 73 74 75 76 76 78 80 80 80 82 83 85 85 88 88 90 91 91 94 98 96 96 98 98 95 93 95 96 
Step 270 : 10 10 12 12 13 13 14 14 15 16 17 18 19 21 22 24 24 24 25 25 26 27 28 28 31 33 36 38 39 39 39 40 41 42 42 44 44 44 44 45 46 46 48 48 48 48 48 48 48 49 49 49 50 50 52 53 54 59 60 61 62 63 63 66 67 67 67 70 70 70 71 72 73 74 75 76 76 78 80 80 80 82 83 85 85 88 88 90 91 91 94 95 96 96 98 98 98 93 95 96 
Step 271 : 10 10 12 12 13 13 14 14 15 16 17 18 19 21 22 24 24 24 25 25 26 27 28 28 31 33 36 38 39 39 39 40 41 42 42 44 44 44 44 45 46 46 48 48 48 48 48 48 48 49 49 49 50 50 52 53 54 59 60 61 62 63 63 66 67 67 67 70 70 70 71 72 73 74 75 76 76 78 80 80 80 82 83 85 85 88 88 90 91 91 94 95 93 96 98 98 98 96 95 96 
Step 272 : 10 10 12 12 13 13 14 14 15 16 17 18 19 21 22 24 24 24 25 25 26 27 28 28 31 33 36 38 39 39 39 40 41 42 42 44 44 44 44 45 46 46 48 48 48 48 48 48 48 49 49 49 50 50 52 53 54 59 60 61 62 63 63 66 67 67 67 70 70 70 71 72 73 74 75 76 76 78 80 80 80 82 83 85 85 88 88 90 91 91 94 95 93 95 98 98 98 96 96 96 
Step 273 : 10 10 12 12 13 13 14 14 15 16 17 18 19 21 22 24 24 24 25 25 26 27 28 28 31 33 36 38 39 39 39 40 41 42 42 44 44 44 44 45 46 46 48 48 48 48 48 48 48 49 49 49 50 50 52 53 54 59 60 61 62 63 63 66 67 67 67 70 70 70 71 72 73 74 75 76 76 78 80 80 80 82 83 85 85 88 88 90 91 91 94 95 93 95 96 98 98 96 96 98 
Step 274 : 10 10 12 12 13 13 14 14 15 16 17 18 19 21 22 24 24 24 25 25 26 27 28 28 31 33 36 38 39 39 39 40 41 42 42 44 44 44 44 45 46 46 48 48 48 48 48 48 48 49 49 49 50 50 52 53 54 59 60 61 62 63 63 66 67 67 67 70 70 70 71 72 73 74 75 76 76 78 80 80 80 82 83 85 85 88 88 90 91 91 94 95 93 95 96 98 98 96 96 98 
Step 275 : 10 10 12 12 13 13 14 14 15 16 17 18 19 21 22 24 24 24 25 25 26 27 28 28 31 33 36 38 39 39 39 40 41 42 42 44 44 44 44 45 46 46 48 48 48 48 48 48 48 49 49 49 50 50 52 53 54 59 60 61 62 63 63 66 67 67 67 70 70 70 71 72 73 74 75 76 76 78 80 80 80 82 83 85 85 88 88 90 91 91 94 95 93 95 96 98 98 96 96 98 
Step 276 : 10 10 12 12 13 13 14 14 15 16 17 18 19 21 22 24 24 24 25 25 26 27 28 28 31 33 36 38 39 39 39 40 41 42 42 44 44 44 44 45 46 46 48 48 48 48 48 48 48 49 49 49 50 50 52 53 54 59 60 61 62 63 63 66 67 67 67 70 70 70 71 72 73 74 75 76 76 78 80 80 80 82 83 85 85 88 88 90 91 91 94 93 95 95 96 98 98 96 96 98 
Step 277 : 10 10 12 12 13 13 14 14 15 16 17 18 19 21 22 24 24 24 25 25 26 27 28 28 31 33 36 38 39 39 39 40 41 42 42 44 44 44 44 45 46 46 48 48 48 48 48 48 48 49 49 49 50 50 52 53 54 59 60 61 62 63 63 66 67 67 67 70 70 70 71 72 73 74 75 76 76 78 80 80 80 82 83 85 85 88 88 90 91 91 94 93 95 95 96 98 98 96 96 98 
Step 278 : 10 10 12 12 13 13 14 14 15 16 17 18 19 21 22 24 24 24 25 25 26 27 28 28 31 33 36 38 39 39 39 40 41 42 42 44 44 44 44 45 46 46 48 48 48 48 48 48 48 49 49 49 50 50 52 53 54 59 60 61 62 63 63 66 67 67 67 70 70 70 71 72 73 74 75 76 76 78 80 80 80 82 83 85 85 88 88 90 91 91 94 93 95 95 96 98 98 96 96 98 
Step 279 : 10 10 12 12 13 13 14 14 15 16 17 18 19 21 22 24 24 24 25 25 26 27 28 28 31 33 36 38 39 39 39 40 41 42 42 44 44 44 44 45 46 46 48 48 48 48 48 48 48 49 49 49 50 50 52 53 54 59 60 61 62 63 63 66 67 67 67 70 70 70 71 72 73 74 75 76 76 78 80 80 80 82 83 85 85 88 88 90 91 91 93 94 95 95 96 98 98 96 96 98 
Step 280 : 10 10 12 12 13 13 14 14 15 16 17 18 19 21 22 24 24 24 25 25 26 27 28 28 31 33 36 38 39 39 39 40 41 42 42 44 44 44 44 45 46 46 48 48 48 48 48 48 48 49 49 49 50 50 52 53 54 59 60 61 62 63 63 66 67 67 67 70 70 70 71 72 73 74 75 76 76 78 80 80 80 82 83 85 85 88 88 90 91 91 93 94 95 95 96 96 98 98 96 98 
Step 281 : 10 10 12 12 13 13 14 14 15 16 17 18 19 21 22 24 24 24 25 25 26 27 28 28 31 33 36 38 39 39 39 40 41 42 42 44 44 44 44 45 46 46 48 48 48 48 48 48 48 49 49 49 50 50 52 53 54 59 60 61 62 63 63 66 67 67 67 70 70 70 71 72 73 74 75 76 76 78 80 80 80 82 83 85 85 88 88 90 91 91 93 94 95 95 96 96 96 98 98 98 
Step 282 : 10 10 12 12 13 13 14 14 15 16 17 18 19 21 22 24 24 24 25 25 26 27 28 28 31 33 36 38 39 39 39 40 41 42 42 44 44 44 44 45 46 46 48 48 48 48 48 48 48 49 49 49 50 50 52 53 54 59 60 61 62 63 63 66 67 67 67 70 70 70 71 72 73 74 75 76 76 78 80 80 80 82 83 85 85 88 88 90 91 91 93 94 95 95 96 96 96 98 98 98 
Step 283 : 10 10 12 12 13 13 14 14 15 16 17 18 19 21 22 24 24 24 25 25 26 27 28 28 31 33 36 38 39 39 39 40 41 42 42 44 44 44 44 45 46 46 48 48 48 48 48 48 48 49 49 49 50 50 52 53 54 59 60 61 62 63 63 66 67 67 67 70 70 70 71 72 73 74 75 76 76 78 80 80 80 82 83 85 85 88 88 90 91 91 93 94 95 95 96 96 96 98 98 98 
Step 284 : 10 10 12 12 13 13 14 14 15 16 17 18 19 21 22 24 24 24 25 25 26 27 28 28 31 33 36 38 39 39 39 40 41 42 42 44 44 44 44 45 46 46 48 48 48 48 48 48 48 49 49 49 50 50 52 53 54 59 60 61 62 63 63 66 67 67 67 70 70 70 71 72 73 74 75 76 76 78 80 80 80 82 83 85 85 88 88 90 91 91 93 94 95 95 96 96 96 98 98 98 
